452
(
	(0.0	0.000500	0.0)
	(0.0	0.000000	0.000000)
	(0.0	0.000000	0.000250)
	(0.0	0.000000	0.000500)
	(0.0	0.000000	0.000750)
	(0.0	0.000000	0.001000)
	(0.0	0.000000	0.001250)
	(0.0	0.000000	0.001500)
	(0.0	0.000000	0.001750)
	(0.0	0.000000	0.002000)
	(0.0	0.000000	0.002250)
	(0.0	0.000000	0.002500)
	(0.0	0.000000	0.002750)
	(0.0	0.000000	0.003000)
	(0.0	0.000000	0.003250)
	(0.0	0.000000	0.003500)
	(0.0	0.000000	0.003750)
	(0.0	0.000000	0.004000)
	(0.0	0.000000	0.004250)
	(0.0	0.000000	0.004500)
	(0.0	0.000000	0.004750)
	(0.0	0.000000	0.005000)
	(0.0	0.000000	0.005250)
	(0.0	0.000000	0.005500)
	(0.0	0.000000	0.005750)
	(0.0	0.000000	0.006000)
	(0.0	0.000000	0.006250)
	(0.0	0.000000	0.006500)
	(0.0	0.000000	0.006750)
	(0.0	0.000000	0.007000)
	(0.0	0.000000	0.007250)
	(0.0	0.000000	0.007500)
	(0.0	0.000000	0.007750)
	(0.0	0.000000	0.008000)
	(0.0	0.000000	0.008250)
	(0.0	0.000000	0.008500)
	(0.0	0.000000	0.008750)
	(0.0	0.000000	0.009000)
	(0.0	0.000000	0.009250)
	(0.0	0.000000	0.009500)
	(0.0	0.000000	0.009750)
	(0.0	0.000000	0.010000)
	(0.0	0.000500	0.000000)
	(0.0	0.000500	0.000250)
	(0.0	0.000500	0.000500)
	(0.0	0.000500	0.000750)
	(0.0	0.000500	0.001000)
	(0.0	0.000500	0.001250)
	(0.0	0.000500	0.001500)
	(0.0	0.000500	0.001750)
	(0.0	0.000500	0.002000)
	(0.0	0.000500	0.002250)
	(0.0	0.000500	0.002500)
	(0.0	0.000500	0.002750)
	(0.0	0.000500	0.003000)
	(0.0	0.000500	0.003250)
	(0.0	0.000500	0.003500)
	(0.0	0.000500	0.003750)
	(0.0	0.000500	0.004000)
	(0.0	0.000500	0.004250)
	(0.0	0.000500	0.004500)
	(0.0	0.000500	0.004750)
	(0.0	0.000500	0.005000)
	(0.0	0.000500	0.005250)
	(0.0	0.000500	0.005500)
	(0.0	0.000500	0.005750)
	(0.0	0.000500	0.006000)
	(0.0	0.000500	0.006250)
	(0.0	0.000500	0.006500)
	(0.0	0.000500	0.006750)
	(0.0	0.000500	0.007000)
	(0.0	0.000500	0.007250)
	(0.0	0.000500	0.007500)
	(0.0	0.000500	0.007750)
	(0.0	0.000500	0.008000)
	(0.0	0.000500	0.008250)
	(0.0	0.000500	0.008500)
	(0.0	0.000500	0.008750)
	(0.0	0.000500	0.009000)
	(0.0	0.000500	0.009250)
	(0.0	0.000500	0.009500)
	(0.0	0.000500	0.009750)
	(0.0	0.000500	0.010000)
	(0.0	0.001000	0.000000)
	(0.0	0.001000	0.000250)
	(0.0	0.001000	0.000500)
	(0.0	0.001000	0.000750)
	(0.0	0.001000	0.001000)
	(0.0	0.001000	0.001250)
	(0.0	0.001000	0.001500)
	(0.0	0.001000	0.001750)
	(0.0	0.001000	0.002000)
	(0.0	0.001000	0.002250)
	(0.0	0.001000	0.002500)
	(0.0	0.001000	0.002750)
	(0.0	0.001000	0.003000)
	(0.0	0.001000	0.003250)
	(0.0	0.001000	0.003500)
	(0.0	0.001000	0.003750)
	(0.0	0.001000	0.004000)
	(0.0	0.001000	0.004250)
	(0.0	0.001000	0.004500)
	(0.0	0.001000	0.004750)
	(0.0	0.001000	0.005000)
	(0.0	0.001000	0.005250)
	(0.0	0.001000	0.005500)
	(0.0	0.001000	0.005750)
	(0.0	0.001000	0.006000)
	(0.0	0.001000	0.006250)
	(0.0	0.001000	0.006500)
	(0.0	0.001000	0.006750)
	(0.0	0.001000	0.007000)
	(0.0	0.001000	0.007250)
	(0.0	0.001000	0.007500)
	(0.0	0.001000	0.007750)
	(0.0	0.001000	0.008000)
	(0.0	0.001000	0.008250)
	(0.0	0.001000	0.008500)
	(0.0	0.001000	0.008750)
	(0.0	0.001000	0.009000)
	(0.0	0.001000	0.009250)
	(0.0	0.001000	0.009500)
	(0.0	0.001000	0.009750)
	(0.0	0.001000	0.010000)
	(0.0	0.001500	0.000000)
	(0.0	0.001500	0.000250)
	(0.0	0.001500	0.000500)
	(0.0	0.001500	0.000750)
	(0.0	0.001500	0.001000)
	(0.0	0.001500	0.001250)
	(0.0	0.001500	0.001500)
	(0.0	0.001500	0.001750)
	(0.0	0.001500	0.002000)
	(0.0	0.001500	0.002250)
	(0.0	0.001500	0.002500)
	(0.0	0.001500	0.002750)
	(0.0	0.001500	0.003000)
	(0.0	0.001500	0.003250)
	(0.0	0.001500	0.003500)
	(0.0	0.001500	0.003750)
	(0.0	0.001500	0.004000)
	(0.0	0.001500	0.004250)
	(0.0	0.001500	0.004500)
	(0.0	0.001500	0.004750)
	(0.0	0.001500	0.005000)
	(0.0	0.001500	0.005250)
	(0.0	0.001500	0.005500)
	(0.0	0.001500	0.005750)
	(0.0	0.001500	0.006000)
	(0.0	0.001500	0.006250)
	(0.0	0.001500	0.006500)
	(0.0	0.001500	0.006750)
	(0.0	0.001500	0.007000)
	(0.0	0.001500	0.007250)
	(0.0	0.001500	0.007500)
	(0.0	0.001500	0.007750)
	(0.0	0.001500	0.008000)
	(0.0	0.001500	0.008250)
	(0.0	0.001500	0.008500)
	(0.0	0.001500	0.008750)
	(0.0	0.001500	0.009000)
	(0.0	0.001500	0.009250)
	(0.0	0.001500	0.009500)
	(0.0	0.001500	0.009750)
	(0.0	0.001500	0.010000)
	(0.0	0.002000	0.000000)
	(0.0	0.002000	0.000250)
	(0.0	0.002000	0.000500)
	(0.0	0.002000	0.000750)
	(0.0	0.002000	0.001000)
	(0.0	0.002000	0.001250)
	(0.0	0.002000	0.001500)
	(0.0	0.002000	0.001750)
	(0.0	0.002000	0.002000)
	(0.0	0.002000	0.002250)
	(0.0	0.002000	0.002500)
	(0.0	0.002000	0.002750)
	(0.0	0.002000	0.003000)
	(0.0	0.002000	0.003250)
	(0.0	0.002000	0.003500)
	(0.0	0.002000	0.003750)
	(0.0	0.002000	0.004000)
	(0.0	0.002000	0.004250)
	(0.0	0.002000	0.004500)
	(0.0	0.002000	0.004750)
	(0.0	0.002000	0.005000)
	(0.0	0.002000	0.005250)
	(0.0	0.002000	0.005500)
	(0.0	0.002000	0.005750)
	(0.0	0.002000	0.006000)
	(0.0	0.002000	0.006250)
	(0.0	0.002000	0.006500)
	(0.0	0.002000	0.006750)
	(0.0	0.002000	0.007000)
	(0.0	0.002000	0.007250)
	(0.0	0.002000	0.007500)
	(0.0	0.002000	0.007750)
	(0.0	0.002000	0.008000)
	(0.0	0.002000	0.008250)
	(0.0	0.002000	0.008500)
	(0.0	0.002000	0.008750)
	(0.0	0.002000	0.009000)
	(0.0	0.002000	0.009250)
	(0.0	0.002000	0.009500)
	(0.0	0.002000	0.009750)
	(0.0	0.002000	0.010000)
	(0.0	0.002500	0.000000)
	(0.0	0.002500	0.000250)
	(0.0	0.002500	0.000500)
	(0.0	0.002500	0.000750)
	(0.0	0.002500	0.001000)
	(0.0	0.002500	0.001250)
	(0.0	0.002500	0.001500)
	(0.0	0.002500	0.001750)
	(0.0	0.002500	0.002000)
	(0.0	0.002500	0.002250)
	(0.0	0.002500	0.002500)
	(0.0	0.002500	0.002750)
	(0.0	0.002500	0.003000)
	(0.0	0.002500	0.003250)
	(0.0	0.002500	0.003500)
	(0.0	0.002500	0.003750)
	(0.0	0.002500	0.004000)
	(0.0	0.002500	0.004250)
	(0.0	0.002500	0.004500)
	(0.0	0.002500	0.004750)
	(0.0	0.002500	0.005000)
	(0.0	0.002500	0.005250)
	(0.0	0.002500	0.005500)
	(0.0	0.002500	0.005750)
	(0.0	0.002500	0.006000)
	(0.0	0.002500	0.006250)
	(0.0	0.002500	0.006500)
	(0.0	0.002500	0.006750)
	(0.0	0.002500	0.007000)
	(0.0	0.002500	0.007250)
	(0.0	0.002500	0.007500)
	(0.0	0.002500	0.007750)
	(0.0	0.002500	0.008000)
	(0.0	0.002500	0.008250)
	(0.0	0.002500	0.008500)
	(0.0	0.002500	0.008750)
	(0.0	0.002500	0.009000)
	(0.0	0.002500	0.009250)
	(0.0	0.002500	0.009500)
	(0.0	0.002500	0.009750)
	(0.0	0.002500	0.010000)
	(0.0	0.003000	0.000000)
	(0.0	0.003000	0.000250)
	(0.0	0.003000	0.000500)
	(0.0	0.003000	0.000750)
	(0.0	0.003000	0.001000)
	(0.0	0.003000	0.001250)
	(0.0	0.003000	0.001500)
	(0.0	0.003000	0.001750)
	(0.0	0.003000	0.002000)
	(0.0	0.003000	0.002250)
	(0.0	0.003000	0.002500)
	(0.0	0.003000	0.002750)
	(0.0	0.003000	0.003000)
	(0.0	0.003000	0.003250)
	(0.0	0.003000	0.003500)
	(0.0	0.003000	0.003750)
	(0.0	0.003000	0.004000)
	(0.0	0.003000	0.004250)
	(0.0	0.003000	0.004500)
	(0.0	0.003000	0.004750)
	(0.0	0.003000	0.005000)
	(0.0	0.003000	0.005250)
	(0.0	0.003000	0.005500)
	(0.0	0.003000	0.005750)
	(0.0	0.003000	0.006000)
	(0.0	0.003000	0.006250)
	(0.0	0.003000	0.006500)
	(0.0	0.003000	0.006750)
	(0.0	0.003000	0.007000)
	(0.0	0.003000	0.007250)
	(0.0	0.003000	0.007500)
	(0.0	0.003000	0.007750)
	(0.0	0.003000	0.008000)
	(0.0	0.003000	0.008250)
	(0.0	0.003000	0.008500)
	(0.0	0.003000	0.008750)
	(0.0	0.003000	0.009000)
	(0.0	0.003000	0.009250)
	(0.0	0.003000	0.009500)
	(0.0	0.003000	0.009750)
	(0.0	0.003000	0.010000)
	(0.0	0.003500	0.000000)
	(0.0	0.003500	0.000250)
	(0.0	0.003500	0.000500)
	(0.0	0.003500	0.000750)
	(0.0	0.003500	0.001000)
	(0.0	0.003500	0.001250)
	(0.0	0.003500	0.001500)
	(0.0	0.003500	0.001750)
	(0.0	0.003500	0.002000)
	(0.0	0.003500	0.002250)
	(0.0	0.003500	0.002500)
	(0.0	0.003500	0.002750)
	(0.0	0.003500	0.003000)
	(0.0	0.003500	0.003250)
	(0.0	0.003500	0.003500)
	(0.0	0.003500	0.003750)
	(0.0	0.003500	0.004000)
	(0.0	0.003500	0.004250)
	(0.0	0.003500	0.004500)
	(0.0	0.003500	0.004750)
	(0.0	0.003500	0.005000)
	(0.0	0.003500	0.005250)
	(0.0	0.003500	0.005500)
	(0.0	0.003500	0.005750)
	(0.0	0.003500	0.006000)
	(0.0	0.003500	0.006250)
	(0.0	0.003500	0.006500)
	(0.0	0.003500	0.006750)
	(0.0	0.003500	0.007000)
	(0.0	0.003500	0.007250)
	(0.0	0.003500	0.007500)
	(0.0	0.003500	0.007750)
	(0.0	0.003500	0.008000)
	(0.0	0.003500	0.008250)
	(0.0	0.003500	0.008500)
	(0.0	0.003500	0.008750)
	(0.0	0.003500	0.009000)
	(0.0	0.003500	0.009250)
	(0.0	0.003500	0.009500)
	(0.0	0.003500	0.009750)
	(0.0	0.003500	0.010000)
	(0.0	0.004000	0.000000)
	(0.0	0.004000	0.000250)
	(0.0	0.004000	0.000500)
	(0.0	0.004000	0.000750)
	(0.0	0.004000	0.001000)
	(0.0	0.004000	0.001250)
	(0.0	0.004000	0.001500)
	(0.0	0.004000	0.001750)
	(0.0	0.004000	0.002000)
	(0.0	0.004000	0.002250)
	(0.0	0.004000	0.002500)
	(0.0	0.004000	0.002750)
	(0.0	0.004000	0.003000)
	(0.0	0.004000	0.003250)
	(0.0	0.004000	0.003500)
	(0.0	0.004000	0.003750)
	(0.0	0.004000	0.004000)
	(0.0	0.004000	0.004250)
	(0.0	0.004000	0.004500)
	(0.0	0.004000	0.004750)
	(0.0	0.004000	0.005000)
	(0.0	0.004000	0.005250)
	(0.0	0.004000	0.005500)
	(0.0	0.004000	0.005750)
	(0.0	0.004000	0.006000)
	(0.0	0.004000	0.006250)
	(0.0	0.004000	0.006500)
	(0.0	0.004000	0.006750)
	(0.0	0.004000	0.007000)
	(0.0	0.004000	0.007250)
	(0.0	0.004000	0.007500)
	(0.0	0.004000	0.007750)
	(0.0	0.004000	0.008000)
	(0.0	0.004000	0.008250)
	(0.0	0.004000	0.008500)
	(0.0	0.004000	0.008750)
	(0.0	0.004000	0.009000)
	(0.0	0.004000	0.009250)
	(0.0	0.004000	0.009500)
	(0.0	0.004000	0.009750)
	(0.0	0.004000	0.010000)
	(0.0	0.004500	0.000000)
	(0.0	0.004500	0.000250)
	(0.0	0.004500	0.000500)
	(0.0	0.004500	0.000750)
	(0.0	0.004500	0.001000)
	(0.0	0.004500	0.001250)
	(0.0	0.004500	0.001500)
	(0.0	0.004500	0.001750)
	(0.0	0.004500	0.002000)
	(0.0	0.004500	0.002250)
	(0.0	0.004500	0.002500)
	(0.0	0.004500	0.002750)
	(0.0	0.004500	0.003000)
	(0.0	0.004500	0.003250)
	(0.0	0.004500	0.003500)
	(0.0	0.004500	0.003750)
	(0.0	0.004500	0.004000)
	(0.0	0.004500	0.004250)
	(0.0	0.004500	0.004500)
	(0.0	0.004500	0.004750)
	(0.0	0.004500	0.005000)
	(0.0	0.004500	0.005250)
	(0.0	0.004500	0.005500)
	(0.0	0.004500	0.005750)
	(0.0	0.004500	0.006000)
	(0.0	0.004500	0.006250)
	(0.0	0.004500	0.006500)
	(0.0	0.004500	0.006750)
	(0.0	0.004500	0.007000)
	(0.0	0.004500	0.007250)
	(0.0	0.004500	0.007500)
	(0.0	0.004500	0.007750)
	(0.0	0.004500	0.008000)
	(0.0	0.004500	0.008250)
	(0.0	0.004500	0.008500)
	(0.0	0.004500	0.008750)
	(0.0	0.004500	0.009000)
	(0.0	0.004500	0.009250)
	(0.0	0.004500	0.009500)
	(0.0	0.004500	0.009750)
	(0.0	0.004500	0.010000)
	(0.0	0.005000	0.000000)
	(0.0	0.005000	0.000250)
	(0.0	0.005000	0.000500)
	(0.0	0.005000	0.000750)
	(0.0	0.005000	0.001000)
	(0.0	0.005000	0.001250)
	(0.0	0.005000	0.001500)
	(0.0	0.005000	0.001750)
	(0.0	0.005000	0.002000)
	(0.0	0.005000	0.002250)
	(0.0	0.005000	0.002500)
	(0.0	0.005000	0.002750)
	(0.0	0.005000	0.003000)
	(0.0	0.005000	0.003250)
	(0.0	0.005000	0.003500)
	(0.0	0.005000	0.003750)
	(0.0	0.005000	0.004000)
	(0.0	0.005000	0.004250)
	(0.0	0.005000	0.004500)
	(0.0	0.005000	0.004750)
	(0.0	0.005000	0.005000)
	(0.0	0.005000	0.005250)
	(0.0	0.005000	0.005500)
	(0.0	0.005000	0.005750)
	(0.0	0.005000	0.006000)
	(0.0	0.005000	0.006250)
	(0.0	0.005000	0.006500)
	(0.0	0.005000	0.006750)
	(0.0	0.005000	0.007000)
	(0.0	0.005000	0.007250)
	(0.0	0.005000	0.007500)
	(0.0	0.005000	0.007750)
	(0.0	0.005000	0.008000)
	(0.0	0.005000	0.008250)
	(0.0	0.005000	0.008500)
	(0.0	0.005000	0.008750)
	(0.0	0.005000	0.009000)
	(0.0	0.005000	0.009250)
	(0.0	0.005000	0.009500)
	(0.0	0.005000	0.009750)
	(0.0	0.005000	0.010000)
)