/*--------------------------------*- C++ -*----------------------------------*\
| =========                 |                                                 |
| \\      /  F ield         | OpenFOAM: The Open Source CFD Toolbox           |
|  \\    /   O peration     | Version:  3.0.1                                 |
|   \\  /    A nd           | Web:      www.OpenFOAM.org                      |
|    \\/     M anipulation  |                                                 |
\*---------------------------------------------------------------------------*/
FoamFile
{
    version     2.0;
    format      ascii;
    class       labelList;
    note        "nPoints: 3444 nCells: 2400 nFaces: 8180 nInternalFaces: 6220";
    location    "constant/polyMesh";
    object      neighbour;
}
// * * * * * * * * * * * * * * * * * * * * * * * * * * * * * * * * * * * * * //


6220
(
1
40
800
2
41
801
3
42
802
4
43
803
5
44
804
6
45
805
7
46
806
8
47
807
9
48
808
10
49
809
11
50
810
12
51
811
13
52
812
14
53
813
15
54
814
16
55
815
17
56
816
18
57
817
19
58
818
20
59
819
21
60
820
22
61
821
23
62
822
24
63
823
25
64
824
26
65
825
27
66
826
28
67
827
29
68
828
30
69
829
31
70
830
32
71
831
33
72
832
34
73
833
35
74
834
36
75
835
37
76
836
38
77
837
39
78
838
79
839
41
80
840
42
81
841
43
82
842
44
83
843
45
84
844
46
85
845
47
86
846
48
87
847
49
88
848
50
89
849
51
90
850
52
91
851
53
92
852
54
93
853
55
94
854
56
95
855
57
96
856
58
97
857
59
98
858
60
99
859
61
100
860
62
101
861
63
102
862
64
103
863
65
104
864
66
105
865
67
106
866
68
107
867
69
108
868
70
109
869
71
110
870
72
111
871
73
112
872
74
113
873
75
114
874
76
115
875
77
116
876
78
117
877
79
118
878
119
879
81
120
880
82
121
881
83
122
882
84
123
883
85
124
884
86
125
885
87
126
886
88
127
887
89
128
888
90
129
889
91
130
890
92
131
891
93
132
892
94
133
893
95
134
894
96
135
895
97
136
896
98
137
897
99
138
898
100
139
899
101
140
900
102
141
901
103
142
902
104
143
903
105
144
904
106
145
905
107
146
906
108
147
907
109
148
908
110
149
909
111
150
910
112
151
911
113
152
912
114
153
913
115
154
914
116
155
915
117
156
916
118
157
917
119
158
918
159
919
121
160
920
122
161
921
123
162
922
124
163
923
125
164
924
126
165
925
127
166
926
128
167
927
129
168
928
130
169
929
131
170
930
132
171
931
133
172
932
134
173
933
135
174
934
136
175
935
137
176
936
138
177
937
139
178
938
140
179
939
141
180
940
142
181
941
143
182
942
144
183
943
145
184
944
146
185
945
147
186
946
148
187
947
149
188
948
150
189
949
151
190
950
152
191
951
153
192
952
154
193
953
155
194
954
156
195
955
157
196
956
158
197
957
159
198
958
199
959
161
200
960
162
201
961
163
202
962
164
203
963
165
204
964
166
205
965
167
206
966
168
207
967
169
208
968
170
209
969
171
210
970
172
211
971
173
212
972
174
213
973
175
214
974
176
215
975
177
216
976
178
217
977
179
218
978
180
219
979
181
220
980
182
221
981
183
222
982
184
223
983
185
224
984
186
225
985
187
226
986
188
227
987
189
228
988
190
229
989
191
230
990
192
231
991
193
232
992
194
233
993
195
234
994
196
235
995
197
236
996
198
237
997
199
238
998
239
999
201
240
1000
202
241
1001
203
242
1002
204
243
1003
205
244
1004
206
245
1005
207
246
1006
208
247
1007
209
248
1008
210
249
1009
211
250
1010
212
251
1011
213
252
1012
214
253
1013
215
254
1014
216
255
1015
217
256
1016
218
257
1017
219
258
1018
220
259
1019
221
260
1020
222
261
1021
223
262
1022
224
263
1023
225
264
1024
226
265
1025
227
266
1026
228
267
1027
229
268
1028
230
269
1029
231
270
1030
232
271
1031
233
272
1032
234
273
1033
235
274
1034
236
275
1035
237
276
1036
238
277
1037
239
278
1038
279
1039
241
280
1040
242
281
1041
243
282
1042
244
283
1043
245
284
1044
246
285
1045
247
286
1046
248
287
1047
249
288
1048
250
289
1049
251
290
1050
252
291
1051
253
292
1052
254
293
1053
255
294
1054
256
295
1055
257
296
1056
258
297
1057
259
298
1058
260
299
1059
261
300
1060
262
301
1061
263
302
1062
264
303
1063
265
304
1064
266
305
1065
267
306
1066
268
307
1067
269
308
1068
270
309
1069
271
310
1070
272
311
1071
273
312
1072
274
313
1073
275
314
1074
276
315
1075
277
316
1076
278
317
1077
279
318
1078
319
1079
281
320
1080
282
321
1081
283
322
1082
284
323
1083
285
324
1084
286
325
1085
287
326
1086
288
327
1087
289
328
1088
290
329
1089
291
330
1090
292
331
1091
293
332
1092
294
333
1093
295
334
1094
296
335
1095
297
336
1096
298
337
1097
299
338
1098
300
339
1099
301
340
1100
302
341
1101
303
342
1102
304
343
1103
305
344
1104
306
345
1105
307
346
1106
308
347
1107
309
348
1108
310
349
1109
311
350
1110
312
351
1111
313
352
1112
314
353
1113
315
354
1114
316
355
1115
317
356
1116
318
357
1117
319
358
1118
359
1119
321
360
1120
322
361
1121
323
362
1122
324
363
1123
325
364
1124
326
365
1125
327
366
1126
328
367
1127
329
368
1128
330
369
1129
331
370
1130
332
371
1131
333
372
1132
334
373
1133
335
374
1134
336
375
1135
337
376
1136
338
377
1137
339
378
1138
340
379
1139
341
380
1140
342
381
1141
343
382
1142
344
383
1143
345
384
1144
346
385
1145
347
386
1146
348
387
1147
349
388
1148
350
389
1149
351
390
1150
352
391
1151
353
392
1152
354
393
1153
355
394
1154
356
395
1155
357
396
1156
358
397
1157
359
398
1158
399
1159
361
400
1160
362
401
1161
363
402
1162
364
403
1163
365
404
1164
366
405
1165
367
406
1166
368
407
1167
369
408
1168
370
409
1169
371
410
1170
372
411
1171
373
412
1172
374
413
1173
375
414
1174
376
415
1175
377
416
1176
378
417
1177
379
418
1178
380
419
1179
381
420
1180
382
421
1181
383
422
1182
384
423
1183
385
424
1184
386
425
1185
387
426
1186
388
427
1187
389
428
1188
390
429
1189
391
430
1190
392
431
1191
393
432
1192
394
433
1193
395
434
1194
396
435
1195
397
436
1196
398
437
1197
399
438
1198
439
1199
401
440
1200
402
441
1201
403
442
1202
404
443
1203
405
444
1204
406
445
1205
407
446
1206
408
447
1207
409
448
1208
410
449
1209
411
450
1210
412
451
1211
413
452
1212
414
453
1213
415
454
1214
416
455
1215
417
456
1216
418
457
1217
419
458
1218
420
459
1219
421
460
1220
422
461
1221
423
462
1222
424
463
1223
425
464
1224
426
465
1225
427
466
1226
428
467
1227
429
468
1228
430
469
1229
431
470
1230
432
471
1231
433
472
1232
434
473
1233
435
474
1234
436
475
1235
437
476
1236
438
477
1237
439
478
1238
479
1239
441
480
1240
442
481
1241
443
482
1242
444
483
1243
445
484
1244
446
485
1245
447
486
1246
448
487
1247
449
488
1248
450
489
1249
451
490
1250
452
491
1251
453
492
1252
454
493
1253
455
494
1254
456
495
1255
457
496
1256
458
497
1257
459
498
1258
460
499
1259
461
500
1260
462
501
1261
463
502
1262
464
503
1263
465
504
1264
466
505
1265
467
506
1266
468
507
1267
469
508
1268
470
509
1269
471
510
1270
472
511
1271
473
512
1272
474
513
1273
475
514
1274
476
515
1275
477
516
1276
478
517
1277
479
518
1278
519
1279
481
520
1280
482
521
1281
483
522
1282
484
523
1283
485
524
1284
486
525
1285
487
526
1286
488
527
1287
489
528
1288
490
529
1289
491
530
1290
492
531
1291
493
532
1292
494
533
1293
495
534
1294
496
535
1295
497
536
1296
498
537
1297
499
538
1298
500
539
1299
501
540
1300
502
541
1301
503
542
1302
504
543
1303
505
544
1304
506
545
1305
507
546
1306
508
547
1307
509
548
1308
510
549
1309
511
550
1310
512
551
1311
513
552
1312
514
553
1313
515
554
1314
516
555
1315
517
556
1316
518
557
1317
519
558
1318
559
1319
521
560
1320
522
561
1321
523
562
1322
524
563
1323
525
564
1324
526
565
1325
527
566
1326
528
567
1327
529
568
1328
530
569
1329
531
570
1330
532
571
1331
533
572
1332
534
573
1333
535
574
1334
536
575
1335
537
576
1336
538
577
1337
539
578
1338
540
579
1339
541
580
1340
542
581
1341
543
582
1342
544
583
1343
545
584
1344
546
585
1345
547
586
1346
548
587
1347
549
588
1348
550
589
1349
551
590
1350
552
591
1351
553
592
1352
554
593
1353
555
594
1354
556
595
1355
557
596
1356
558
597
1357
559
598
1358
599
1359
561
600
1360
562
601
1361
563
602
1362
564
603
1363
565
604
1364
566
605
1365
567
606
1366
568
607
1367
569
608
1368
570
609
1369
571
610
1370
572
611
1371
573
612
1372
574
613
1373
575
614
1374
576
615
1375
577
616
1376
578
617
1377
579
618
1378
580
619
1379
581
620
1380
582
621
1381
583
622
1382
584
623
1383
585
624
1384
586
625
1385
587
626
1386
588
627
1387
589
628
1388
590
629
1389
591
630
1390
592
631
1391
593
632
1392
594
633
1393
595
634
1394
596
635
1395
597
636
1396
598
637
1397
599
638
1398
639
1399
601
640
1400
602
641
1401
603
642
1402
604
643
1403
605
644
1404
606
645
1405
607
646
1406
608
647
1407
609
648
1408
610
649
1409
611
650
1410
612
651
1411
613
652
1412
614
653
1413
615
654
1414
616
655
1415
617
656
1416
618
657
1417
619
658
1418
620
659
1419
621
660
1420
622
661
1421
623
662
1422
624
663
1423
625
664
1424
626
665
1425
627
666
1426
628
667
1427
629
668
1428
630
669
1429
631
670
1430
632
671
1431
633
672
1432
634
673
1433
635
674
1434
636
675
1435
637
676
1436
638
677
1437
639
678
1438
679
1439
641
680
1440
642
681
1441
643
682
1442
644
683
1443
645
684
1444
646
685
1445
647
686
1446
648
687
1447
649
688
1448
650
689
1449
651
690
1450
652
691
1451
653
692
1452
654
693
1453
655
694
1454
656
695
1455
657
696
1456
658
697
1457
659
698
1458
660
699
1459
661
700
1460
662
701
1461
663
702
1462
664
703
1463
665
704
1464
666
705
1465
667
706
1466
668
707
1467
669
708
1468
670
709
1469
671
710
1470
672
711
1471
673
712
1472
674
713
1473
675
714
1474
676
715
1475
677
716
1476
678
717
1477
679
718
1478
719
1479
681
720
1480
682
721
1481
683
722
1482
684
723
1483
685
724
1484
686
725
1485
687
726
1486
688
727
1487
689
728
1488
690
729
1489
691
730
1490
692
731
1491
693
732
1492
694
733
1493
695
734
1494
696
735
1495
697
736
1496
698
737
1497
699
738
1498
700
739
1499
701
740
1500
702
741
1501
703
742
1502
704
743
1503
705
744
1504
706
745
1505
707
746
1506
708
747
1507
709
748
1508
710
749
1509
711
750
1510
712
751
1511
713
752
1512
714
753
1513
715
754
1514
716
755
1515
717
756
1516
718
757
1517
719
758
1518
759
1519
721
760
1520
722
761
1521
723
762
1522
724
763
1523
725
764
1524
726
765
1525
727
766
1526
728
767
1527
729
768
1528
730
769
1529
731
770
1530
732
771
1531
733
772
1532
734
773
1533
735
774
1534
736
775
1535
737
776
1536
738
777
1537
739
778
1538
740
779
1539
741
780
1540
742
781
1541
743
782
1542
744
783
1543
745
784
1544
746
785
1545
747
786
1546
748
787
1547
749
788
1548
750
789
1549
751
790
1550
752
791
1551
753
792
1552
754
793
1553
755
794
1554
756
795
1555
757
796
1556
758
797
1557
759
798
1558
799
1559
761
1560
762
1561
763
1562
764
1563
765
1564
766
1565
767
1566
768
1567
769
1568
770
1569
771
1570
772
1571
773
1572
774
1573
775
1574
776
1575
777
1576
778
1577
779
1578
780
1579
781
1580
782
1581
783
1582
784
1583
785
1584
786
1585
787
1586
788
1587
789
1588
790
1589
791
1590
792
1591
793
1592
794
1593
795
1594
796
1595
797
1596
798
1597
799
1598
1599
801
840
1600
802
841
1601
803
842
1602
804
843
1603
805
844
1604
806
845
1605
807
846
1606
808
847
1607
809
848
1608
810
849
1609
811
850
1610
812
851
1611
813
852
1612
814
853
1613
815
854
1614
816
855
1615
817
856
1616
818
857
1617
819
858
1618
820
859
1619
821
860
1620
822
861
1621
823
862
1622
824
863
1623
825
864
1624
826
865
1625
827
866
1626
828
867
1627
829
868
1628
830
869
1629
831
870
1630
832
871
1631
833
872
1632
834
873
1633
835
874
1634
836
875
1635
837
876
1636
838
877
1637
839
878
1638
879
1639
841
880
1640
842
881
1641
843
882
1642
844
883
1643
845
884
1644
846
885
1645
847
886
1646
848
887
1647
849
888
1648
850
889
1649
851
890
1650
852
891
1651
853
892
1652
854
893
1653
855
894
1654
856
895
1655
857
896
1656
858
897
1657
859
898
1658
860
899
1659
861
900
1660
862
901
1661
863
902
1662
864
903
1663
865
904
1664
866
905
1665
867
906
1666
868
907
1667
869
908
1668
870
909
1669
871
910
1670
872
911
1671
873
912
1672
874
913
1673
875
914
1674
876
915
1675
877
916
1676
878
917
1677
879
918
1678
919
1679
881
920
1680
882
921
1681
883
922
1682
884
923
1683
885
924
1684
886
925
1685
887
926
1686
888
927
1687
889
928
1688
890
929
1689
891
930
1690
892
931
1691
893
932
1692
894
933
1693
895
934
1694
896
935
1695
897
936
1696
898
937
1697
899
938
1698
900
939
1699
901
940
1700
902
941
1701
903
942
1702
904
943
1703
905
944
1704
906
945
1705
907
946
1706
908
947
1707
909
948
1708
910
949
1709
911
950
1710
912
951
1711
913
952
1712
914
953
1713
915
954
1714
916
955
1715
917
956
1716
918
957
1717
919
958
1718
959
1719
921
960
1720
922
961
1721
923
962
1722
924
963
1723
925
964
1724
926
965
1725
927
966
1726
928
967
1727
929
968
1728
930
969
1729
931
970
1730
932
971
1731
933
972
1732
934
973
1733
935
974
1734
936
975
1735
937
976
1736
938
977
1737
939
978
1738
940
979
1739
941
980
1740
942
981
1741
943
982
1742
944
983
1743
945
984
1744
946
985
1745
947
986
1746
948
987
1747
949
988
1748
950
989
1749
951
990
1750
952
991
1751
953
992
1752
954
993
1753
955
994
1754
956
995
1755
957
996
1756
958
997
1757
959
998
1758
999
1759
961
1000
1760
962
1001
1761
963
1002
1762
964
1003
1763
965
1004
1764
966
1005
1765
967
1006
1766
968
1007
1767
969
1008
1768
970
1009
1769
971
1010
1770
972
1011
1771
973
1012
1772
974
1013
1773
975
1014
1774
976
1015
1775
977
1016
1776
978
1017
1777
979
1018
1778
980
1019
1779
981
1020
1780
982
1021
1781
983
1022
1782
984
1023
1783
985
1024
1784
986
1025
1785
987
1026
1786
988
1027
1787
989
1028
1788
990
1029
1789
991
1030
1790
992
1031
1791
993
1032
1792
994
1033
1793
995
1034
1794
996
1035
1795
997
1036
1796
998
1037
1797
999
1038
1798
1039
1799
1001
1040
1800
1002
1041
1801
1003
1042
1802
1004
1043
1803
1005
1044
1804
1006
1045
1805
1007
1046
1806
1008
1047
1807
1009
1048
1808
1010
1049
1809
1011
1050
1810
1012
1051
1811
1013
1052
1812
1014
1053
1813
1015
1054
1814
1016
1055
1815
1017
1056
1816
1018
1057
1817
1019
1058
1818
1020
1059
1819
1021
1060
1820
1022
1061
1821
1023
1062
1822
1024
1063
1823
1025
1064
1824
1026
1065
1825
1027
1066
1826
1028
1067
1827
1029
1068
1828
1030
1069
1829
1031
1070
1830
1032
1071
1831
1033
1072
1832
1034
1073
1833
1035
1074
1834
1036
1075
1835
1037
1076
1836
1038
1077
1837
1039
1078
1838
1079
1839
1041
1080
1840
1042
1081
1841
1043
1082
1842
1044
1083
1843
1045
1084
1844
1046
1085
1845
1047
1086
1846
1048
1087
1847
1049
1088
1848
1050
1089
1849
1051
1090
1850
1052
1091
1851
1053
1092
1852
1054
1093
1853
1055
1094
1854
1056
1095
1855
1057
1096
1856
1058
1097
1857
1059
1098
1858
1060
1099
1859
1061
1100
1860
1062
1101
1861
1063
1102
1862
1064
1103
1863
1065
1104
1864
1066
1105
1865
1067
1106
1866
1068
1107
1867
1069
1108
1868
1070
1109
1869
1071
1110
1870
1072
1111
1871
1073
1112
1872
1074
1113
1873
1075
1114
1874
1076
1115
1875
1077
1116
1876
1078
1117
1877
1079
1118
1878
1119
1879
1081
1120
1880
1082
1121
1881
1083
1122
1882
1084
1123
1883
1085
1124
1884
1086
1125
1885
1087
1126
1886
1088
1127
1887
1089
1128
1888
1090
1129
1889
1091
1130
1890
1092
1131
1891
1093
1132
1892
1094
1133
1893
1095
1134
1894
1096
1135
1895
1097
1136
1896
1098
1137
1897
1099
1138
1898
1100
1139
1899
1101
1140
1900
1102
1141
1901
1103
1142
1902
1104
1143
1903
1105
1144
1904
1106
1145
1905
1107
1146
1906
1108
1147
1907
1109
1148
1908
1110
1149
1909
1111
1150
1910
1112
1151
1911
1113
1152
1912
1114
1153
1913
1115
1154
1914
1116
1155
1915
1117
1156
1916
1118
1157
1917
1119
1158
1918
1159
1919
1121
1160
1920
1122
1161
1921
1123
1162
1922
1124
1163
1923
1125
1164
1924
1126
1165
1925
1127
1166
1926
1128
1167
1927
1129
1168
1928
1130
1169
1929
1131
1170
1930
1132
1171
1931
1133
1172
1932
1134
1173
1933
1135
1174
1934
1136
1175
1935
1137
1176
1936
1138
1177
1937
1139
1178
1938
1140
1179
1939
1141
1180
1940
1142
1181
1941
1143
1182
1942
1144
1183
1943
1145
1184
1944
1146
1185
1945
1147
1186
1946
1148
1187
1947
1149
1188
1948
1150
1189
1949
1151
1190
1950
1152
1191
1951
1153
1192
1952
1154
1193
1953
1155
1194
1954
1156
1195
1955
1157
1196
1956
1158
1197
1957
1159
1198
1958
1199
1959
1161
1200
1960
1162
1201
1961
1163
1202
1962
1164
1203
1963
1165
1204
1964
1166
1205
1965
1167
1206
1966
1168
1207
1967
1169
1208
1968
1170
1209
1969
1171
1210
1970
1172
1211
1971
1173
1212
1972
1174
1213
1973
1175
1214
1974
1176
1215
1975
1177
1216
1976
1178
1217
1977
1179
1218
1978
1180
1219
1979
1181
1220
1980
1182
1221
1981
1183
1222
1982
1184
1223
1983
1185
1224
1984
1186
1225
1985
1187
1226
1986
1188
1227
1987
1189
1228
1988
1190
1229
1989
1191
1230
1990
1192
1231
1991
1193
1232
1992
1194
1233
1993
1195
1234
1994
1196
1235
1995
1197
1236
1996
1198
1237
1997
1199
1238
1998
1239
1999
1201
1240
2000
1202
1241
2001
1203
1242
2002
1204
1243
2003
1205
1244
2004
1206
1245
2005
1207
1246
2006
1208
1247
2007
1209
1248
2008
1210
1249
2009
1211
1250
2010
1212
1251
2011
1213
1252
2012
1214
1253
2013
1215
1254
2014
1216
1255
2015
1217
1256
2016
1218
1257
2017
1219
1258
2018
1220
1259
2019
1221
1260
2020
1222
1261
2021
1223
1262
2022
1224
1263
2023
1225
1264
2024
1226
1265
2025
1227
1266
2026
1228
1267
2027
1229
1268
2028
1230
1269
2029
1231
1270
2030
1232
1271
2031
1233
1272
2032
1234
1273
2033
1235
1274
2034
1236
1275
2035
1237
1276
2036
1238
1277
2037
1239
1278
2038
1279
2039
1241
1280
2040
1242
1281
2041
1243
1282
2042
1244
1283
2043
1245
1284
2044
1246
1285
2045
1247
1286
2046
1248
1287
2047
1249
1288
2048
1250
1289
2049
1251
1290
2050
1252
1291
2051
1253
1292
2052
1254
1293
2053
1255
1294
2054
1256
1295
2055
1257
1296
2056
1258
1297
2057
1259
1298
2058
1260
1299
2059
1261
1300
2060
1262
1301
2061
1263
1302
2062
1264
1303
2063
1265
1304
2064
1266
1305
2065
1267
1306
2066
1268
1307
2067
1269
1308
2068
1270
1309
2069
1271
1310
2070
1272
1311
2071
1273
1312
2072
1274
1313
2073
1275
1314
2074
1276
1315
2075
1277
1316
2076
1278
1317
2077
1279
1318
2078
1319
2079
1281
1320
2080
1282
1321
2081
1283
1322
2082
1284
1323
2083
1285
1324
2084
1286
1325
2085
1287
1326
2086
1288
1327
2087
1289
1328
2088
1290
1329
2089
1291
1330
2090
1292
1331
2091
1293
1332
2092
1294
1333
2093
1295
1334
2094
1296
1335
2095
1297
1336
2096
1298
1337
2097
1299
1338
2098
1300
1339
2099
1301
1340
2100
1302
1341
2101
1303
1342
2102
1304
1343
2103
1305
1344
2104
1306
1345
2105
1307
1346
2106
1308
1347
2107
1309
1348
2108
1310
1349
2109
1311
1350
2110
1312
1351
2111
1313
1352
2112
1314
1353
2113
1315
1354
2114
1316
1355
2115
1317
1356
2116
1318
1357
2117
1319
1358
2118
1359
2119
1321
1360
2120
1322
1361
2121
1323
1362
2122
1324
1363
2123
1325
1364
2124
1326
1365
2125
1327
1366
2126
1328
1367
2127
1329
1368
2128
1330
1369
2129
1331
1370
2130
1332
1371
2131
1333
1372
2132
1334
1373
2133
1335
1374
2134
1336
1375
2135
1337
1376
2136
1338
1377
2137
1339
1378
2138
1340
1379
2139
1341
1380
2140
1342
1381
2141
1343
1382
2142
1344
1383
2143
1345
1384
2144
1346
1385
2145
1347
1386
2146
1348
1387
2147
1349
1388
2148
1350
1389
2149
1351
1390
2150
1352
1391
2151
1353
1392
2152
1354
1393
2153
1355
1394
2154
1356
1395
2155
1357
1396
2156
1358
1397
2157
1359
1398
2158
1399
2159
1361
1400
2160
1362
1401
2161
1363
1402
2162
1364
1403
2163
1365
1404
2164
1366
1405
2165
1367
1406
2166
1368
1407
2167
1369
1408
2168
1370
1409
2169
1371
1410
2170
1372
1411
2171
1373
1412
2172
1374
1413
2173
1375
1414
2174
1376
1415
2175
1377
1416
2176
1378
1417
2177
1379
1418
2178
1380
1419
2179
1381
1420
2180
1382
1421
2181
1383
1422
2182
1384
1423
2183
1385
1424
2184
1386
1425
2185
1387
1426
2186
1388
1427
2187
1389
1428
2188
1390
1429
2189
1391
1430
2190
1392
1431
2191
1393
1432
2192
1394
1433
2193
1395
1434
2194
1396
1435
2195
1397
1436
2196
1398
1437
2197
1399
1438
2198
1439
2199
1401
1440
2200
1402
1441
2201
1403
1442
2202
1404
1443
2203
1405
1444
2204
1406
1445
2205
1407
1446
2206
1408
1447
2207
1409
1448
2208
1410
1449
2209
1411
1450
2210
1412
1451
2211
1413
1452
2212
1414
1453
2213
1415
1454
2214
1416
1455
2215
1417
1456
2216
1418
1457
2217
1419
1458
2218
1420
1459
2219
1421
1460
2220
1422
1461
2221
1423
1462
2222
1424
1463
2223
1425
1464
2224
1426
1465
2225
1427
1466
2226
1428
1467
2227
1429
1468
2228
1430
1469
2229
1431
1470
2230
1432
1471
2231
1433
1472
2232
1434
1473
2233
1435
1474
2234
1436
1475
2235
1437
1476
2236
1438
1477
2237
1439
1478
2238
1479
2239
1441
1480
2240
1442
1481
2241
1443
1482
2242
1444
1483
2243
1445
1484
2244
1446
1485
2245
1447
1486
2246
1448
1487
2247
1449
1488
2248
1450
1489
2249
1451
1490
2250
1452
1491
2251
1453
1492
2252
1454
1493
2253
1455
1494
2254
1456
1495
2255
1457
1496
2256
1458
1497
2257
1459
1498
2258
1460
1499
2259
1461
1500
2260
1462
1501
2261
1463
1502
2262
1464
1503
2263
1465
1504
2264
1466
1505
2265
1467
1506
2266
1468
1507
2267
1469
1508
2268
1470
1509
2269
1471
1510
2270
1472
1511
2271
1473
1512
2272
1474
1513
2273
1475
1514
2274
1476
1515
2275
1477
1516
2276
1478
1517
2277
1479
1518
2278
1519
2279
1481
1520
2280
1482
1521
2281
1483
1522
2282
1484
1523
2283
1485
1524
2284
1486
1525
2285
1487
1526
2286
1488
1527
2287
1489
1528
2288
1490
1529
2289
1491
1530
2290
1492
1531
2291
1493
1532
2292
1494
1533
2293
1495
1534
2294
1496
1535
2295
1497
1536
2296
1498
1537
2297
1499
1538
2298
1500
1539
2299
1501
1540
2300
1502
1541
2301
1503
1542
2302
1504
1543
2303
1505
1544
2304
1506
1545
2305
1507
1546
2306
1508
1547
2307
1509
1548
2308
1510
1549
2309
1511
1550
2310
1512
1551
2311
1513
1552
2312
1514
1553
2313
1515
1554
2314
1516
1555
2315
1517
1556
2316
1518
1557
2317
1519
1558
2318
1559
2319
1521
1560
2320
1522
1561
2321
1523
1562
2322
1524
1563
2323
1525
1564
2324
1526
1565
2325
1527
1566
2326
1528
1567
2327
1529
1568
2328
1530
1569
2329
1531
1570
2330
1532
1571
2331
1533
1572
2332
1534
1573
2333
1535
1574
2334
1536
1575
2335
1537
1576
2336
1538
1577
2337
1539
1578
2338
1540
1579
2339
1541
1580
2340
1542
1581
2341
1543
1582
2342
1544
1583
2343
1545
1584
2344
1546
1585
2345
1547
1586
2346
1548
1587
2347
1549
1588
2348
1550
1589
2349
1551
1590
2350
1552
1591
2351
1553
1592
2352
1554
1593
2353
1555
1594
2354
1556
1595
2355
1557
1596
2356
1558
1597
2357
1559
1598
2358
1599
2359
1561
2360
1562
2361
1563
2362
1564
2363
1565
2364
1566
2365
1567
2366
1568
2367
1569
2368
1570
2369
1571
2370
1572
2371
1573
2372
1574
2373
1575
2374
1576
2375
1577
2376
1578
2377
1579
2378
1580
2379
1581
2380
1582
2381
1583
2382
1584
2383
1585
2384
1586
2385
1587
2386
1588
2387
1589
2388
1590
2389
1591
2390
1592
2391
1593
2392
1594
2393
1595
2394
1596
2395
1597
2396
1598
2397
1599
2398
2399
1601
1640
1602
1641
1603
1642
1604
1643
1605
1644
1606
1645
1607
1646
1608
1647
1609
1648
1610
1649
1611
1650
1612
1651
1613
1652
1614
1653
1615
1654
1616
1655
1617
1656
1618
1657
1619
1658
1620
1659
1621
1660
1622
1661
1623
1662
1624
1663
1625
1664
1626
1665
1627
1666
1628
1667
1629
1668
1630
1669
1631
1670
1632
1671
1633
1672
1634
1673
1635
1674
1636
1675
1637
1676
1638
1677
1639
1678
1679
1641
1680
1642
1681
1643
1682
1644
1683
1645
1684
1646
1685
1647
1686
1648
1687
1649
1688
1650
1689
1651
1690
1652
1691
1653
1692
1654
1693
1655
1694
1656
1695
1657
1696
1658
1697
1659
1698
1660
1699
1661
1700
1662
1701
1663
1702
1664
1703
1665
1704
1666
1705
1667
1706
1668
1707
1669
1708
1670
1709
1671
1710
1672
1711
1673
1712
1674
1713
1675
1714
1676
1715
1677
1716
1678
1717
1679
1718
1719
1681
1720
1682
1721
1683
1722
1684
1723
1685
1724
1686
1725
1687
1726
1688
1727
1689
1728
1690
1729
1691
1730
1692
1731
1693
1732
1694
1733
1695
1734
1696
1735
1697
1736
1698
1737
1699
1738
1700
1739
1701
1740
1702
1741
1703
1742
1704
1743
1705
1744
1706
1745
1707
1746
1708
1747
1709
1748
1710
1749
1711
1750
1712
1751
1713
1752
1714
1753
1715
1754
1716
1755
1717
1756
1718
1757
1719
1758
1759
1721
1760
1722
1761
1723
1762
1724
1763
1725
1764
1726
1765
1727
1766
1728
1767
1729
1768
1730
1769
1731
1770
1732
1771
1733
1772
1734
1773
1735
1774
1736
1775
1737
1776
1738
1777
1739
1778
1740
1779
1741
1780
1742
1781
1743
1782
1744
1783
1745
1784
1746
1785
1747
1786
1748
1787
1749
1788
1750
1789
1751
1790
1752
1791
1753
1792
1754
1793
1755
1794
1756
1795
1757
1796
1758
1797
1759
1798
1799
1761
1800
1762
1801
1763
1802
1764
1803
1765
1804
1766
1805
1767
1806
1768
1807
1769
1808
1770
1809
1771
1810
1772
1811
1773
1812
1774
1813
1775
1814
1776
1815
1777
1816
1778
1817
1779
1818
1780
1819
1781
1820
1782
1821
1783
1822
1784
1823
1785
1824
1786
1825
1787
1826
1788
1827
1789
1828
1790
1829
1791
1830
1792
1831
1793
1832
1794
1833
1795
1834
1796
1835
1797
1836
1798
1837
1799
1838
1839
1801
1840
1802
1841
1803
1842
1804
1843
1805
1844
1806
1845
1807
1846
1808
1847
1809
1848
1810
1849
1811
1850
1812
1851
1813
1852
1814
1853
1815
1854
1816
1855
1817
1856
1818
1857
1819
1858
1820
1859
1821
1860
1822
1861
1823
1862
1824
1863
1825
1864
1826
1865
1827
1866
1828
1867
1829
1868
1830
1869
1831
1870
1832
1871
1833
1872
1834
1873
1835
1874
1836
1875
1837
1876
1838
1877
1839
1878
1879
1841
1880
1842
1881
1843
1882
1844
1883
1845
1884
1846
1885
1847
1886
1848
1887
1849
1888
1850
1889
1851
1890
1852
1891
1853
1892
1854
1893
1855
1894
1856
1895
1857
1896
1858
1897
1859
1898
1860
1899
1861
1900
1862
1901
1863
1902
1864
1903
1865
1904
1866
1905
1867
1906
1868
1907
1869
1908
1870
1909
1871
1910
1872
1911
1873
1912
1874
1913
1875
1914
1876
1915
1877
1916
1878
1917
1879
1918
1919
1881
1920
1882
1921
1883
1922
1884
1923
1885
1924
1886
1925
1887
1926
1888
1927
1889
1928
1890
1929
1891
1930
1892
1931
1893
1932
1894
1933
1895
1934
1896
1935
1897
1936
1898
1937
1899
1938
1900
1939
1901
1940
1902
1941
1903
1942
1904
1943
1905
1944
1906
1945
1907
1946
1908
1947
1909
1948
1910
1949
1911
1950
1912
1951
1913
1952
1914
1953
1915
1954
1916
1955
1917
1956
1918
1957
1919
1958
1959
1921
1960
1922
1961
1923
1962
1924
1963
1925
1964
1926
1965
1927
1966
1928
1967
1929
1968
1930
1969
1931
1970
1932
1971
1933
1972
1934
1973
1935
1974
1936
1975
1937
1976
1938
1977
1939
1978
1940
1979
1941
1980
1942
1981
1943
1982
1944
1983
1945
1984
1946
1985
1947
1986
1948
1987
1949
1988
1950
1989
1951
1990
1952
1991
1953
1992
1954
1993
1955
1994
1956
1995
1957
1996
1958
1997
1959
1998
1999
1961
2000
1962
2001
1963
2002
1964
2003
1965
2004
1966
2005
1967
2006
1968
2007
1969
2008
1970
2009
1971
2010
1972
2011
1973
2012
1974
2013
1975
2014
1976
2015
1977
2016
1978
2017
1979
2018
1980
2019
1981
2020
1982
2021
1983
2022
1984
2023
1985
2024
1986
2025
1987
2026
1988
2027
1989
2028
1990
2029
1991
2030
1992
2031
1993
2032
1994
2033
1995
2034
1996
2035
1997
2036
1998
2037
1999
2038
2039
2001
2040
2002
2041
2003
2042
2004
2043
2005
2044
2006
2045
2007
2046
2008
2047
2009
2048
2010
2049
2011
2050
2012
2051
2013
2052
2014
2053
2015
2054
2016
2055
2017
2056
2018
2057
2019
2058
2020
2059
2021
2060
2022
2061
2023
2062
2024
2063
2025
2064
2026
2065
2027
2066
2028
2067
2029
2068
2030
2069
2031
2070
2032
2071
2033
2072
2034
2073
2035
2074
2036
2075
2037
2076
2038
2077
2039
2078
2079
2041
2080
2042
2081
2043
2082
2044
2083
2045
2084
2046
2085
2047
2086
2048
2087
2049
2088
2050
2089
2051
2090
2052
2091
2053
2092
2054
2093
2055
2094
2056
2095
2057
2096
2058
2097
2059
2098
2060
2099
2061
2100
2062
2101
2063
2102
2064
2103
2065
2104
2066
2105
2067
2106
2068
2107
2069
2108
2070
2109
2071
2110
2072
2111
2073
2112
2074
2113
2075
2114
2076
2115
2077
2116
2078
2117
2079
2118
2119
2081
2120
2082
2121
2083
2122
2084
2123
2085
2124
2086
2125
2087
2126
2088
2127
2089
2128
2090
2129
2091
2130
2092
2131
2093
2132
2094
2133
2095
2134
2096
2135
2097
2136
2098
2137
2099
2138
2100
2139
2101
2140
2102
2141
2103
2142
2104
2143
2105
2144
2106
2145
2107
2146
2108
2147
2109
2148
2110
2149
2111
2150
2112
2151
2113
2152
2114
2153
2115
2154
2116
2155
2117
2156
2118
2157
2119
2158
2159
2121
2160
2122
2161
2123
2162
2124
2163
2125
2164
2126
2165
2127
2166
2128
2167
2129
2168
2130
2169
2131
2170
2132
2171
2133
2172
2134
2173
2135
2174
2136
2175
2137
2176
2138
2177
2139
2178
2140
2179
2141
2180
2142
2181
2143
2182
2144
2183
2145
2184
2146
2185
2147
2186
2148
2187
2149
2188
2150
2189
2151
2190
2152
2191
2153
2192
2154
2193
2155
2194
2156
2195
2157
2196
2158
2197
2159
2198
2199
2161
2200
2162
2201
2163
2202
2164
2203
2165
2204
2166
2205
2167
2206
2168
2207
2169
2208
2170
2209
2171
2210
2172
2211
2173
2212
2174
2213
2175
2214
2176
2215
2177
2216
2178
2217
2179
2218
2180
2219
2181
2220
2182
2221
2183
2222
2184
2223
2185
2224
2186
2225
2187
2226
2188
2227
2189
2228
2190
2229
2191
2230
2192
2231
2193
2232
2194
2233
2195
2234
2196
2235
2197
2236
2198
2237
2199
2238
2239
2201
2240
2202
2241
2203
2242
2204
2243
2205
2244
2206
2245
2207
2246
2208
2247
2209
2248
2210
2249
2211
2250
2212
2251
2213
2252
2214
2253
2215
2254
2216
2255
2217
2256
2218
2257
2219
2258
2220
2259
2221
2260
2222
2261
2223
2262
2224
2263
2225
2264
2226
2265
2227
2266
2228
2267
2229
2268
2230
2269
2231
2270
2232
2271
2233
2272
2234
2273
2235
2274
2236
2275
2237
2276
2238
2277
2239
2278
2279
2241
2280
2242
2281
2243
2282
2244
2283
2245
2284
2246
2285
2247
2286
2248
2287
2249
2288
2250
2289
2251
2290
2252
2291
2253
2292
2254
2293
2255
2294
2256
2295
2257
2296
2258
2297
2259
2298
2260
2299
2261
2300
2262
2301
2263
2302
2264
2303
2265
2304
2266
2305
2267
2306
2268
2307
2269
2308
2270
2309
2271
2310
2272
2311
2273
2312
2274
2313
2275
2314
2276
2315
2277
2316
2278
2317
2279
2318
2319
2281
2320
2282
2321
2283
2322
2284
2323
2285
2324
2286
2325
2287
2326
2288
2327
2289
2328
2290
2329
2291
2330
2292
2331
2293
2332
2294
2333
2295
2334
2296
2335
2297
2336
2298
2337
2299
2338
2300
2339
2301
2340
2302
2341
2303
2342
2304
2343
2305
2344
2306
2345
2307
2346
2308
2347
2309
2348
2310
2349
2311
2350
2312
2351
2313
2352
2314
2353
2315
2354
2316
2355
2317
2356
2318
2357
2319
2358
2359
2321
2360
2322
2361
2323
2362
2324
2363
2325
2364
2326
2365
2327
2366
2328
2367
2329
2368
2330
2369
2331
2370
2332
2371
2333
2372
2334
2373
2335
2374
2336
2375
2337
2376
2338
2377
2339
2378
2340
2379
2341
2380
2342
2381
2343
2382
2344
2383
2345
2384
2346
2385
2347
2386
2348
2387
2349
2388
2350
2389
2351
2390
2352
2391
2353
2392
2354
2393
2355
2394
2356
2395
2357
2396
2358
2397
2359
2398
2399
2361
2362
2363
2364
2365
2366
2367
2368
2369
2370
2371
2372
2373
2374
2375
2376
2377
2378
2379
2380
2381
2382
2383
2384
2385
2386
2387
2388
2389
2390
2391
2392
2393
2394
2395
2396
2397
2398
2399
)


// ************************************************************************* //
