/*--------------------------------*- C++ -*----------------------------------*\
| =========                 |                                                 |
| \\      /  F ield         | OpenFOAM: The Open Source CFD Toolbox           |
|  \\    /   O peration     | Version:  3.0.1                                 |
|   \\  /    A nd           | Web:      www.OpenFOAM.org                      |
|    \\/     M anipulation  |                                                 |
\*---------------------------------------------------------------------------*/
FoamFile
{
    version     2.0;
    format      ascii;
    class       vectorField;
    location    "constant/polyMesh";
    object      points;
}
// * * * * * * * * * * * * * * * * * * * * * * * * * * * * * * * * * * * * * //


3444
(
(0 0 0)
(28.875 0 0)
(57.75 0 0)
(86.625 0 0)
(115.5 0 0)
(144.375 0 0)
(173.25 0 0)
(202.125 0 0)
(231 0 0)
(259.875 0 0)
(288.75 0 0)
(317.625 0 0)
(346.5 0 0)
(375.375 0 0)
(404.25 0 0)
(433.125 0 0)
(462 0 0)
(490.875 0 0)
(519.75 0 0)
(548.625 0 0)
(577.5 0 0)
(606.375 0 0)
(635.25 0 0)
(664.125 0 0)
(693 0 0)
(721.875 0 0)
(750.75 0 0)
(779.625 0 0)
(808.5 0 0)
(837.375 0 0)
(866.25 0 0)
(895.125 0 0)
(924 0 0)
(952.875 0 0)
(981.75 0 0)
(1010.625 0 0)
(1039.5 0 0)
(1068.375 0 0)
(1097.25 0 0)
(1126.125 0 0)
(1155 0 0)
(0 25 0)
(28.875 25 0)
(57.75 25 0)
(86.625 25 0)
(115.5 25 0)
(144.375 25 0)
(173.25 25 0)
(202.125 25 0)
(231 25 0)
(259.875 25 0)
(288.75 25 0)
(317.625 25 0)
(346.5 25 0)
(375.375 25 0)
(404.25 25 0)
(433.125 25 0)
(462 25 0)
(490.875 25 0)
(519.75 25 0)
(548.625 25 0)
(577.5 25 0)
(606.375 25 0)
(635.25 25 0)
(664.125 25 0)
(693 25 0)
(721.875 25 0)
(750.75 25 0)
(779.625 25 0)
(808.5 25 0)
(837.375 25 0)
(866.25 25 0)
(895.125 25 0)
(924 25 0)
(952.875 25 0)
(981.75 25 0)
(1010.625 25 0)
(1039.5 25 0)
(1068.375 25 0)
(1097.25 25 0)
(1126.125 25 0)
(1155 25 0)
(0 50 0)
(28.875 50 0)
(57.75 50 0)
(86.625 50 0)
(115.5 50 0)
(144.375 50 0)
(173.25 50 0)
(202.125 50 0)
(231 50 0)
(259.875 50 0)
(288.75 50 0)
(317.625 50 0)
(346.5 50 0)
(375.375 50 0)
(404.25 50 0)
(433.125 50 0)
(462 50 0)
(490.875 50 0)
(519.75 50 0)
(548.625 50 0)
(577.5 50 0)
(606.375 50 0)
(635.25 50 0)
(664.125 50 0)
(693 50 0)
(721.875 50 0)
(750.75 50 0)
(779.625 50 0)
(808.5 50 0)
(837.375 50 0)
(866.25 50 0)
(895.125 50 0)
(924 50 0)
(952.875 50 0)
(981.75 50 0)
(1010.625 50 0)
(1039.5 50 0)
(1068.375 50 0)
(1097.25 50 0)
(1126.125 50 0)
(1155 50 0)
(0 75 0)
(28.875 75 0)
(57.75 75 0)
(86.625 75 0)
(115.5 75 0)
(144.375 75 0)
(173.25 75 0)
(202.125 75 0)
(231 75 0)
(259.875 75 0)
(288.75 75 0)
(317.625 75 0)
(346.5 75 0)
(375.375 75 0)
(404.25 75 0)
(433.125 75 0)
(462 75 0)
(490.875 75 0)
(519.75 75 0)
(548.625 75 0)
(577.5 75 0)
(606.375 75 0)
(635.25 75 0)
(664.125 75 0)
(693 75 0)
(721.875 75 0)
(750.75 75 0)
(779.625 75 0)
(808.5 75 0)
(837.375 75 0)
(866.25 75 0)
(895.125 75 0)
(924 75 0)
(952.875 75 0)
(981.75 75 0)
(1010.625 75 0)
(1039.5 75 0)
(1068.375 75 0)
(1097.25 75 0)
(1126.125 75 0)
(1155 75 0)
(0 100 0)
(28.875 100 0)
(57.75 100 0)
(86.625 100 0)
(115.5 100 0)
(144.375 100 0)
(173.25 100 0)
(202.125 100 0)
(231 100 0)
(259.875 100 0)
(288.75 100 0)
(317.625 100 0)
(346.5 100 0)
(375.375 100 0)
(404.25 100 0)
(433.125 100 0)
(462 100 0)
(490.875 100 0)
(519.75 100 0)
(548.625 100 0)
(577.5 100 0)
(606.375 100 0)
(635.25 100 0)
(664.125 100 0)
(693 100 0)
(721.875 100 0)
(750.75 100 0)
(779.625 100 0)
(808.5 100 0)
(837.375 100 0)
(866.25 100 0)
(895.125 100 0)
(924 100 0)
(952.875 100 0)
(981.75 100 0)
(1010.625 100 0)
(1039.5 100 0)
(1068.375 100 0)
(1097.25 100 0)
(1126.125 100 0)
(1155 100 0)
(0 125 0)
(28.875 125 0)
(57.75 125 0)
(86.625 125 0)
(115.5 125 0)
(144.375 125 0)
(173.25 125 0)
(202.125 125 0)
(231 125 0)
(259.875 125 0)
(288.75 125 0)
(317.625 125 0)
(346.5 125 0)
(375.375 125 0)
(404.25 125 0)
(433.125 125 0)
(462 125 0)
(490.875 125 0)
(519.75 125 0)
(548.625 125 0)
(577.5 125 0)
(606.375 125 0)
(635.25 125 0)
(664.125 125 0)
(693 125 0)
(721.875 125 0)
(750.75 125 0)
(779.625 125 0)
(808.5 125 0)
(837.375 125 0)
(866.25 125 0)
(895.125 125 0)
(924 125 0)
(952.875 125 0)
(981.75 125 0)
(1010.625 125 0)
(1039.5 125 0)
(1068.375 125 0)
(1097.25 125 0)
(1126.125 125 0)
(1155 125 0)
(0 150 0)
(28.875 150 0)
(57.75 150 0)
(86.625 150 0)
(115.5 150 0)
(144.375 150 0)
(173.25 150 0)
(202.125 150 0)
(231 150 0)
(259.875 150 0)
(288.75 150 0)
(317.625 150 0)
(346.5 150 0)
(375.375 150 0)
(404.25 150 0)
(433.125 150 0)
(462 150 0)
(490.875 150 0)
(519.75 150 0)
(548.625 150 0)
(577.5 150 0)
(606.375 150 0)
(635.25 150 0)
(664.125 150 0)
(693 150 0)
(721.875 150 0)
(750.75 150 0)
(779.625 150 0)
(808.5 150 0)
(837.375 150 0)
(866.25 150 0)
(895.125 150 0)
(924 150 0)
(952.875 150 0)
(981.75 150 0)
(1010.625 150 0)
(1039.5 150 0)
(1068.375 150 0)
(1097.25 150 0)
(1126.125 150 0)
(1155 150 0)
(0 175 0)
(28.875 175 0)
(57.75 175 0)
(86.625 175 0)
(115.5 175 0)
(144.375 175 0)
(173.25 175 0)
(202.125 175 0)
(231 175 0)
(259.875 175 0)
(288.75 175 0)
(317.625 175 0)
(346.5 175 0)
(375.375 175 0)
(404.25 175 0)
(433.125 175 0)
(462 175 0)
(490.875 175 0)
(519.75 175 0)
(548.625 175 0)
(577.5 175 0)
(606.375 175 0)
(635.25 175 0)
(664.125 175 0)
(693 175 0)
(721.875 175 0)
(750.75 175 0)
(779.625 175 0)
(808.5 175 0)
(837.375 175 0)
(866.25 175 0)
(895.125 175 0)
(924 175 0)
(952.875 175 0)
(981.75 175 0)
(1010.625 175 0)
(1039.5 175 0)
(1068.375 175 0)
(1097.25 175 0)
(1126.125 175 0)
(1155 175 0)
(0 200 0)
(28.875 200 0)
(57.75 200 0)
(86.625 200 0)
(115.5 200 0)
(144.375 200 0)
(173.25 200 0)
(202.125 200 0)
(231 200 0)
(259.875 200 0)
(288.75 200 0)
(317.625 200 0)
(346.5 200 0)
(375.375 200 0)
(404.25 200 0)
(433.125 200 0)
(462 200 0)
(490.875 200 0)
(519.75 200 0)
(548.625 200 0)
(577.5 200 0)
(606.375 200 0)
(635.25 200 0)
(664.125 200 0)
(693 200 0)
(721.875 200 0)
(750.75 200 0)
(779.625 200 0)
(808.5 200 0)
(837.375 200 0)
(866.25 200 0)
(895.125 200 0)
(924 200 0)
(952.875 200 0)
(981.75 200 0)
(1010.625 200 0)
(1039.5 200 0)
(1068.375 200 0)
(1097.25 200 0)
(1126.125 200 0)
(1155 200 0)
(0 225 0)
(28.875 225 0)
(57.75 225 0)
(86.625 225 0)
(115.5 225 0)
(144.375 225 0)
(173.25 225 0)
(202.125 225 0)
(231 225 0)
(259.875 225 0)
(288.75 225 0)
(317.625 225 0)
(346.5 225 0)
(375.375 225 0)
(404.25 225 0)
(433.125 225 0)
(462 225 0)
(490.875 225 0)
(519.75 225 0)
(548.625 225 0)
(577.5 225 0)
(606.375 225 0)
(635.25 225 0)
(664.125 225 0)
(693 225 0)
(721.875 225 0)
(750.75 225 0)
(779.625 225 0)
(808.5 225 0)
(837.375 225 0)
(866.25 225 0)
(895.125 225 0)
(924 225 0)
(952.875 225 0)
(981.75 225 0)
(1010.625 225 0)
(1039.5 225 0)
(1068.375 225 0)
(1097.25 225 0)
(1126.125 225 0)
(1155 225 0)
(0 250 0)
(28.875 250 0)
(57.75 250 0)
(86.625 250 0)
(115.5 250 0)
(144.375 250 0)
(173.25 250 0)
(202.125 250 0)
(231 250 0)
(259.875 250 0)
(288.75 250 0)
(317.625 250 0)
(346.5 250 0)
(375.375 250 0)
(404.25 250 0)
(433.125 250 0)
(462 250 0)
(490.875 250 0)
(519.75 250 0)
(548.625 250 0)
(577.5 250 0)
(606.375 250 0)
(635.25 250 0)
(664.125 250 0)
(693 250 0)
(721.875 250 0)
(750.75 250 0)
(779.625 250 0)
(808.5 250 0)
(837.375 250 0)
(866.25 250 0)
(895.125 250 0)
(924 250 0)
(952.875 250 0)
(981.75 250 0)
(1010.625 250 0)
(1039.5 250 0)
(1068.375 250 0)
(1097.25 250 0)
(1126.125 250 0)
(1155 250 0)
(0 275 0)
(28.875 275 0)
(57.75 275 0)
(86.625 275 0)
(115.5 275 0)
(144.375 275 0)
(173.25 275 0)
(202.125 275 0)
(231 275 0)
(259.875 275 0)
(288.75 275 0)
(317.625 275 0)
(346.5 275 0)
(375.375 275 0)
(404.25 275 0)
(433.125 275 0)
(462 275 0)
(490.875 275 0)
(519.75 275 0)
(548.625 275 0)
(577.5 275 0)
(606.375 275 0)
(635.25 275 0)
(664.125 275 0)
(693 275 0)
(721.875 275 0)
(750.75 275 0)
(779.625 275 0)
(808.5 275 0)
(837.375 275 0)
(866.25 275 0)
(895.125 275 0)
(924 275 0)
(952.875 275 0)
(981.75 275 0)
(1010.625 275 0)
(1039.5 275 0)
(1068.375 275 0)
(1097.25 275 0)
(1126.125 275 0)
(1155 275 0)
(0 300 0)
(28.875 300 0)
(57.75 300 0)
(86.625 300 0)
(115.5 300 0)
(144.375 300 0)
(173.25 300 0)
(202.125 300 0)
(231 300 0)
(259.875 300 0)
(288.75 300 0)
(317.625 300 0)
(346.5 300 0)
(375.375 300 0)
(404.25 300 0)
(433.125 300 0)
(462 300 0)
(490.875 300 0)
(519.75 300 0)
(548.625 300 0)
(577.5 300 0)
(606.375 300 0)
(635.25 300 0)
(664.125 300 0)
(693 300 0)
(721.875 300 0)
(750.75 300 0)
(779.625 300 0)
(808.5 300 0)
(837.375 300 0)
(866.25 300 0)
(895.125 300 0)
(924 300 0)
(952.875 300 0)
(981.75 300 0)
(1010.625 300 0)
(1039.5 300 0)
(1068.375 300 0)
(1097.25 300 0)
(1126.125 300 0)
(1155 300 0)
(0 325 0)
(28.875 325 0)
(57.75 325 0)
(86.625 325 0)
(115.5 325 0)
(144.375 325 0)
(173.25 325 0)
(202.125 325 0)
(231 325 0)
(259.875 325 0)
(288.75 325 0)
(317.625 325 0)
(346.5 325 0)
(375.375 325 0)
(404.25 325 0)
(433.125 325 0)
(462 325 0)
(490.875 325 0)
(519.75 325 0)
(548.625 325 0)
(577.5 325 0)
(606.375 325 0)
(635.25 325 0)
(664.125 325 0)
(693 325 0)
(721.875 325 0)
(750.75 325 0)
(779.625 325 0)
(808.5 325 0)
(837.375 325 0)
(866.25 325 0)
(895.125 325 0)
(924 325 0)
(952.875 325 0)
(981.75 325 0)
(1010.625 325 0)
(1039.5 325 0)
(1068.375 325 0)
(1097.25 325 0)
(1126.125 325 0)
(1155 325 0)
(0 350 0)
(28.875 350 0)
(57.75 350 0)
(86.625 350 0)
(115.5 350 0)
(144.375 350 0)
(173.25 350 0)
(202.125 350 0)
(231 350 0)
(259.875 350 0)
(288.75 350 0)
(317.625 350 0)
(346.5 350 0)
(375.375 350 0)
(404.25 350 0)
(433.125 350 0)
(462 350 0)
(490.875 350 0)
(519.75 350 0)
(548.625 350 0)
(577.5 350 0)
(606.375 350 0)
(635.25 350 0)
(664.125 350 0)
(693 350 0)
(721.875 350 0)
(750.75 350 0)
(779.625 350 0)
(808.5 350 0)
(837.375 350 0)
(866.25 350 0)
(895.125 350 0)
(924 350 0)
(952.875 350 0)
(981.75 350 0)
(1010.625 350 0)
(1039.5 350 0)
(1068.375 350 0)
(1097.25 350 0)
(1126.125 350 0)
(1155 350 0)
(0 375 0)
(28.875 375 0)
(57.75 375 0)
(86.625 375 0)
(115.5 375 0)
(144.375 375 0)
(173.25 375 0)
(202.125 375 0)
(231 375 0)
(259.875 375 0)
(288.75 375 0)
(317.625 375 0)
(346.5 375 0)
(375.375 375 0)
(404.25 375 0)
(433.125 375 0)
(462 375 0)
(490.875 375 0)
(519.75 375 0)
(548.625 375 0)
(577.5 375 0)
(606.375 375 0)
(635.25 375 0)
(664.125 375 0)
(693 375 0)
(721.875 375 0)
(750.75 375 0)
(779.625 375 0)
(808.5 375 0)
(837.375 375 0)
(866.25 375 0)
(895.125 375 0)
(924 375 0)
(952.875 375 0)
(981.75 375 0)
(1010.625 375 0)
(1039.5 375 0)
(1068.375 375 0)
(1097.25 375 0)
(1126.125 375 0)
(1155 375 0)
(0 400 0)
(28.875 400 0)
(57.75 400 0)
(86.625 400 0)
(115.5 400 0)
(144.375 400 0)
(173.25 400 0)
(202.125 400 0)
(231 400 0)
(259.875 400 0)
(288.75 400 0)
(317.625 400 0)
(346.5 400 0)
(375.375 400 0)
(404.25 400 0)
(433.125 400 0)
(462 400 0)
(490.875 400 0)
(519.75 400 0)
(548.625 400 0)
(577.5 400 0)
(606.375 400 0)
(635.25 400 0)
(664.125 400 0)
(693 400 0)
(721.875 400 0)
(750.75 400 0)
(779.625 400 0)
(808.5 400 0)
(837.375 400 0)
(866.25 400 0)
(895.125 400 0)
(924 400 0)
(952.875 400 0)
(981.75 400 0)
(1010.625 400 0)
(1039.5 400 0)
(1068.375 400 0)
(1097.25 400 0)
(1126.125 400 0)
(1155 400 0)
(0 425 0)
(28.875 425 0)
(57.75 425 0)
(86.625 425 0)
(115.5 425 0)
(144.375 425 0)
(173.25 425 0)
(202.125 425 0)
(231 425 0)
(259.875 425 0)
(288.75 425 0)
(317.625 425 0)
(346.5 425 0)
(375.375 425 0)
(404.25 425 0)
(433.125 425 0)
(462 425 0)
(490.875 425 0)
(519.75 425 0)
(548.625 425 0)
(577.5 425 0)
(606.375 425 0)
(635.25 425 0)
(664.125 425 0)
(693 425 0)
(721.875 425 0)
(750.75 425 0)
(779.625 425 0)
(808.5 425 0)
(837.375 425 0)
(866.25 425 0)
(895.125 425 0)
(924 425 0)
(952.875 425 0)
(981.75 425 0)
(1010.625 425 0)
(1039.5 425 0)
(1068.375 425 0)
(1097.25 425 0)
(1126.125 425 0)
(1155 425 0)
(0 450 0)
(28.875 450 0)
(57.75 450 0)
(86.625 450 0)
(115.5 450 0)
(144.375 450 0)
(173.25 450 0)
(202.125 450 0)
(231 450 0)
(259.875 450 0)
(288.75 450 0)
(317.625 450 0)
(346.5 450 0)
(375.375 450 0)
(404.25 450 0)
(433.125 450 0)
(462 450 0)
(490.875 450 0)
(519.75 450 0)
(548.625 450 0)
(577.5 450 0)
(606.375 450 0)
(635.25 450 0)
(664.125 450 0)
(693 450 0)
(721.875 450 0)
(750.75 450 0)
(779.625 450 0)
(808.5 450 0)
(837.375 450 0)
(866.25 450 0)
(895.125 450 0)
(924 450 0)
(952.875 450 0)
(981.75 450 0)
(1010.625 450 0)
(1039.5 450 0)
(1068.375 450 0)
(1097.25 450 0)
(1126.125 450 0)
(1155 450 0)
(0 475 0)
(28.875 475 0)
(57.75 475 0)
(86.625 475 0)
(115.5 475 0)
(144.375 475 0)
(173.25 475 0)
(202.125 475 0)
(231 475 0)
(259.875 475 0)
(288.75 475 0)
(317.625 475 0)
(346.5 475 0)
(375.375 475 0)
(404.25 475 0)
(433.125 475 0)
(462 475 0)
(490.875 475 0)
(519.75 475 0)
(548.625 475 0)
(577.5 475 0)
(606.375 475 0)
(635.25 475 0)
(664.125 475 0)
(693 475 0)
(721.875 475 0)
(750.75 475 0)
(779.625 475 0)
(808.5 475 0)
(837.375 475 0)
(866.25 475 0)
(895.125 475 0)
(924 475 0)
(952.875 475 0)
(981.75 475 0)
(1010.625 475 0)
(1039.5 475 0)
(1068.375 475 0)
(1097.25 475 0)
(1126.125 475 0)
(1155 475 0)
(0 500 0)
(28.875 500 0)
(57.75 500 0)
(86.625 500 0)
(115.5 500 0)
(144.375 500 0)
(173.25 500 0)
(202.125 500 0)
(231 500 0)
(259.875 500 0)
(288.75 500 0)
(317.625 500 0)
(346.5 500 0)
(375.375 500 0)
(404.25 500 0)
(433.125 500 0)
(462 500 0)
(490.875 500 0)
(519.75 500 0)
(548.625 500 0)
(577.5 500 0)
(606.375 500 0)
(635.25 500 0)
(664.125 500 0)
(693 500 0)
(721.875 500 0)
(750.75 500 0)
(779.625 500 0)
(808.5 500 0)
(837.375 500 0)
(866.25 500 0)
(895.125 500 0)
(924 500 0)
(952.875 500 0)
(981.75 500 0)
(1010.625 500 0)
(1039.5 500 0)
(1068.375 500 0)
(1097.25 500 0)
(1126.125 500 0)
(1155 500 0)
(0 0 5)
(28.875 0 5)
(57.75 0 5)
(86.625 0 5)
(115.5 0 5)
(144.375 0 5)
(173.25 0 5)
(202.125 0 5)
(231 0 5)
(259.875 0 5)
(288.75 0 5)
(317.625 0 5)
(346.5 0 5)
(375.375 0 5)
(404.25 0 5)
(433.125 0 5)
(462 0 5)
(490.875 0 5)
(519.75 0 5)
(548.625 0 5)
(577.5 0 5)
(606.375 0 5)
(635.25 0 5)
(664.125 0 5)
(693 0 5)
(721.875 0 5)
(750.75 0 5)
(779.625 0 5)
(808.5 0 5)
(837.375 0 5)
(866.25 0 5)
(895.125 0 5)
(924 0 5)
(952.875 0 5)
(981.75 0 5)
(1010.625 0 5)
(1039.5 0 5)
(1068.375 0 5)
(1097.25 0 5)
(1126.125 0 5)
(1155 0 5)
(0 25 5)
(28.875 25 5)
(57.75 25 5)
(86.625 25 5)
(115.5 25 5)
(144.375 25 5)
(173.25 25 5)
(202.125 25 5)
(231 25 5)
(259.875 25 5)
(288.75 25 5)
(317.625 25 5)
(346.5 25 5)
(375.375 25 5)
(404.25 25 5)
(433.125 25 5)
(462 25 5)
(490.875 25 5)
(519.75 25 5)
(548.625 25 5)
(577.5 25 5)
(606.375 25 5)
(635.25 25 5)
(664.125 25 5)
(693 25 5)
(721.875 25 5)
(750.75 25 5)
(779.625 25 5)
(808.5 25 5)
(837.375 25 5)
(866.25 25 5)
(895.125 25 5)
(924 25 5)
(952.875 25 5)
(981.75 25 5)
(1010.625 25 5)
(1039.5 25 5)
(1068.375 25 5)
(1097.25 25 5)
(1126.125 25 5)
(1155 25 5)
(0 50 5)
(28.875 50 5)
(57.75 50 5)
(86.625 50 5)
(115.5 50 5)
(144.375 50 5)
(173.25 50 5)
(202.125 50 5)
(231 50 5)
(259.875 50 5)
(288.75 50 5)
(317.625 50 5)
(346.5 50 5)
(375.375 50 5)
(404.25 50 5)
(433.125 50 5)
(462 50 5)
(490.875 50 5)
(519.75 50 5)
(548.625 50 5)
(577.5 50 5)
(606.375 50 5)
(635.25 50 5)
(664.125 50 5)
(693 50 5)
(721.875 50 5)
(750.75 50 5)
(779.625 50 5)
(808.5 50 5)
(837.375 50 5)
(866.25 50 5)
(895.125 50 5)
(924 50 5)
(952.875 50 5)
(981.75 50 5)
(1010.625 50 5)
(1039.5 50 5)
(1068.375 50 5)
(1097.25 50 5)
(1126.125 50 5)
(1155 50 5)
(0 75 5)
(28.875 75 5)
(57.75 75 5)
(86.625 75 5)
(115.5 75 5)
(144.375 75 5)
(173.25 75 5)
(202.125 75 5)
(231 75 5)
(259.875 75 5)
(288.75 75 5)
(317.625 75 5)
(346.5 75 5)
(375.375 75 5)
(404.25 75 5)
(433.125 75 5)
(462 75 5)
(490.875 75 5)
(519.75 75 5)
(548.625 75 5)
(577.5 75 5)
(606.375 75 5)
(635.25 75 5)
(664.125 75 5)
(693 75 5)
(721.875 75 5)
(750.75 75 5)
(779.625 75 5)
(808.5 75 5)
(837.375 75 5)
(866.25 75 5)
(895.125 75 5)
(924 75 5)
(952.875 75 5)
(981.75 75 5)
(1010.625 75 5)
(1039.5 75 5)
(1068.375 75 5)
(1097.25 75 5)
(1126.125 75 5)
(1155 75 5)
(0 100 5)
(28.875 100 5)
(57.75 100 5)
(86.625 100 5)
(115.5 100 5)
(144.375 100 5)
(173.25 100 5)
(202.125 100 5)
(231 100 5)
(259.875 100 5)
(288.75 100 5)
(317.625 100 5)
(346.5 100 5)
(375.375 100 5)
(404.25 100 5)
(433.125 100 5)
(462 100 5)
(490.875 100 5)
(519.75 100 5)
(548.625 100 5)
(577.5 100 5)
(606.375 100 5)
(635.25 100 5)
(664.125 100 5)
(693 100 5)
(721.875 100 5)
(750.75 100 5)
(779.625 100 5)
(808.5 100 5)
(837.375 100 5)
(866.25 100 5)
(895.125 100 5)
(924 100 5)
(952.875 100 5)
(981.75 100 5)
(1010.625 100 5)
(1039.5 100 5)
(1068.375 100 5)
(1097.25 100 5)
(1126.125 100 5)
(1155 100 5)
(0 125 5)
(28.875 125 5)
(57.75 125 5)
(86.625 125 5)
(115.5 125 5)
(144.375 125 5)
(173.25 125 5)
(202.125 125 5)
(231 125 5)
(259.875 125 5)
(288.75 125 5)
(317.625 125 5)
(346.5 125 5)
(375.375 125 5)
(404.25 125 5)
(433.125 125 5)
(462 125 5)
(490.875 125 5)
(519.75 125 5)
(548.625 125 5)
(577.5 125 5)
(606.375 125 5)
(635.25 125 5)
(664.125 125 5)
(693 125 5)
(721.875 125 5)
(750.75 125 5)
(779.625 125 5)
(808.5 125 5)
(837.375 125 5)
(866.25 125 5)
(895.125 125 5)
(924 125 5)
(952.875 125 5)
(981.75 125 5)
(1010.625 125 5)
(1039.5 125 5)
(1068.375 125 5)
(1097.25 125 5)
(1126.125 125 5)
(1155 125 5)
(0 150 5)
(28.875 150 5)
(57.75 150 5)
(86.625 150 5)
(115.5 150 5)
(144.375 150 5)
(173.25 150 5)
(202.125 150 5)
(231 150 5)
(259.875 150 5)
(288.75 150 5)
(317.625 150 5)
(346.5 150 5)
(375.375 150 5)
(404.25 150 5)
(433.125 150 5)
(462 150 5)
(490.875 150 5)
(519.75 150 5)
(548.625 150 5)
(577.5 150 5)
(606.375 150 5)
(635.25 150 5)
(664.125 150 5)
(693 150 5)
(721.875 150 5)
(750.75 150 5)
(779.625 150 5)
(808.5 150 5)
(837.375 150 5)
(866.25 150 5)
(895.125 150 5)
(924 150 5)
(952.875 150 5)
(981.75 150 5)
(1010.625 150 5)
(1039.5 150 5)
(1068.375 150 5)
(1097.25 150 5)
(1126.125 150 5)
(1155 150 5)
(0 175 5)
(28.875 175 5)
(57.75 175 5)
(86.625 175 5)
(115.5 175 5)
(144.375 175 5)
(173.25 175 5)
(202.125 175 5)
(231 175 5)
(259.875 175 5)
(288.75 175 5)
(317.625 175 5)
(346.5 175 5)
(375.375 175 5)
(404.25 175 5)
(433.125 175 5)
(462 175 5)
(490.875 175 5)
(519.75 175 5)
(548.625 175 5)
(577.5 175 5)
(606.375 175 5)
(635.25 175 5)
(664.125 175 5)
(693 175 5)
(721.875 175 5)
(750.75 175 5)
(779.625 175 5)
(808.5 175 5)
(837.375 175 5)
(866.25 175 5)
(895.125 175 5)
(924 175 5)
(952.875 175 5)
(981.75 175 5)
(1010.625 175 5)
(1039.5 175 5)
(1068.375 175 5)
(1097.25 175 5)
(1126.125 175 5)
(1155 175 5)
(0 200 5)
(28.875 200 5)
(57.75 200 5)
(86.625 200 5)
(115.5 200 5)
(144.375 200 5)
(173.25 200 5)
(202.125 200 5)
(231 200 5)
(259.875 200 5)
(288.75 200 5)
(317.625 200 5)
(346.5 200 5)
(375.375 200 5)
(404.25 200 5)
(433.125 200 5)
(462 200 5)
(490.875 200 5)
(519.75 200 5)
(548.625 200 5)
(577.5 200 5)
(606.375 200 5)
(635.25 200 5)
(664.125 200 5)
(693 200 5)
(721.875 200 5)
(750.75 200 5)
(779.625 200 5)
(808.5 200 5)
(837.375 200 5)
(866.25 200 5)
(895.125 200 5)
(924 200 5)
(952.875 200 5)
(981.75 200 5)
(1010.625 200 5)
(1039.5 200 5)
(1068.375 200 5)
(1097.25 200 5)
(1126.125 200 5)
(1155 200 5)
(0 225 5)
(28.875 225 5)
(57.75 225 5)
(86.625 225 5)
(115.5 225 5)
(144.375 225 5)
(173.25 225 5)
(202.125 225 5)
(231 225 5)
(259.875 225 5)
(288.75 225 5)
(317.625 225 5)
(346.5 225 5)
(375.375 225 5)
(404.25 225 5)
(433.125 225 5)
(462 225 5)
(490.875 225 5)
(519.75 225 5)
(548.625 225 5)
(577.5 225 5)
(606.375 225 5)
(635.25 225 5)
(664.125 225 5)
(693 225 5)
(721.875 225 5)
(750.75 225 5)
(779.625 225 5)
(808.5 225 5)
(837.375 225 5)
(866.25 225 5)
(895.125 225 5)
(924 225 5)
(952.875 225 5)
(981.75 225 5)
(1010.625 225 5)
(1039.5 225 5)
(1068.375 225 5)
(1097.25 225 5)
(1126.125 225 5)
(1155 225 5)
(0 250 5)
(28.875 250 5)
(57.75 250 5)
(86.625 250 5)
(115.5 250 5)
(144.375 250 5)
(173.25 250 5)
(202.125 250 5)
(231 250 5)
(259.875 250 5)
(288.75 250 5)
(317.625 250 5)
(346.5 250 5)
(375.375 250 5)
(404.25 250 5)
(433.125 250 5)
(462 250 5)
(490.875 250 5)
(519.75 250 5)
(548.625 250 5)
(577.5 250 5)
(606.375 250 5)
(635.25 250 5)
(664.125 250 5)
(693 250 5)
(721.875 250 5)
(750.75 250 5)
(779.625 250 5)
(808.5 250 5)
(837.375 250 5)
(866.25 250 5)
(895.125 250 5)
(924 250 5)
(952.875 250 5)
(981.75 250 5)
(1010.625 250 5)
(1039.5 250 5)
(1068.375 250 5)
(1097.25 250 5)
(1126.125 250 5)
(1155 250 5)
(0 275 5)
(28.875 275 5)
(57.75 275 5)
(86.625 275 5)
(115.5 275 5)
(144.375 275 5)
(173.25 275 5)
(202.125 275 5)
(231 275 5)
(259.875 275 5)
(288.75 275 5)
(317.625 275 5)
(346.5 275 5)
(375.375 275 5)
(404.25 275 5)
(433.125 275 5)
(462 275 5)
(490.875 275 5)
(519.75 275 5)
(548.625 275 5)
(577.5 275 5)
(606.375 275 5)
(635.25 275 5)
(664.125 275 5)
(693 275 5)
(721.875 275 5)
(750.75 275 5)
(779.625 275 5)
(808.5 275 5)
(837.375 275 5)
(866.25 275 5)
(895.125 275 5)
(924 275 5)
(952.875 275 5)
(981.75 275 5)
(1010.625 275 5)
(1039.5 275 5)
(1068.375 275 5)
(1097.25 275 5)
(1126.125 275 5)
(1155 275 5)
(0 300 5)
(28.875 300 5)
(57.75 300 5)
(86.625 300 5)
(115.5 300 5)
(144.375 300 5)
(173.25 300 5)
(202.125 300 5)
(231 300 5)
(259.875 300 5)
(288.75 300 5)
(317.625 300 5)
(346.5 300 5)
(375.375 300 5)
(404.25 300 5)
(433.125 300 5)
(462 300 5)
(490.875 300 5)
(519.75 300 5)
(548.625 300 5)
(577.5 300 5)
(606.375 300 5)
(635.25 300 5)
(664.125 300 5)
(693 300 5)
(721.875 300 5)
(750.75 300 5)
(779.625 300 5)
(808.5 300 5)
(837.375 300 5)
(866.25 300 5)
(895.125 300 5)
(924 300 5)
(952.875 300 5)
(981.75 300 5)
(1010.625 300 5)
(1039.5 300 5)
(1068.375 300 5)
(1097.25 300 5)
(1126.125 300 5)
(1155 300 5)
(0 325 5)
(28.875 325 5)
(57.75 325 5)
(86.625 325 5)
(115.5 325 5)
(144.375 325 5)
(173.25 325 5)
(202.125 325 5)
(231 325 5)
(259.875 325 5)
(288.75 325 5)
(317.625 325 5)
(346.5 325 5)
(375.375 325 5)
(404.25 325 5)
(433.125 325 5)
(462 325 5)
(490.875 325 5)
(519.75 325 5)
(548.625 325 5)
(577.5 325 5)
(606.375 325 5)
(635.25 325 5)
(664.125 325 5)
(693 325 5)
(721.875 325 5)
(750.75 325 5)
(779.625 325 5)
(808.5 325 5)
(837.375 325 5)
(866.25 325 5)
(895.125 325 5)
(924 325 5)
(952.875 325 5)
(981.75 325 5)
(1010.625 325 5)
(1039.5 325 5)
(1068.375 325 5)
(1097.25 325 5)
(1126.125 325 5)
(1155 325 5)
(0 350 5)
(28.875 350 5)
(57.75 350 5)
(86.625 350 5)
(115.5 350 5)
(144.375 350 5)
(173.25 350 5)
(202.125 350 5)
(231 350 5)
(259.875 350 5)
(288.75 350 5)
(317.625 350 5)
(346.5 350 5)
(375.375 350 5)
(404.25 350 5)
(433.125 350 5)
(462 350 5)
(490.875 350 5)
(519.75 350 5)
(548.625 350 5)
(577.5 350 5)
(606.375 350 5)
(635.25 350 5)
(664.125 350 5)
(693 350 5)
(721.875 350 5)
(750.75 350 5)
(779.625 350 5)
(808.5 350 5)
(837.375 350 5)
(866.25 350 5)
(895.125 350 5)
(924 350 5)
(952.875 350 5)
(981.75 350 5)
(1010.625 350 5)
(1039.5 350 5)
(1068.375 350 5)
(1097.25 350 5)
(1126.125 350 5)
(1155 350 5)
(0 375 5)
(28.875 375 5)
(57.75 375 5)
(86.625 375 5)
(115.5 375 5)
(144.375 375 5)
(173.25 375 5)
(202.125 375 5)
(231 375 5)
(259.875 375 5)
(288.75 375 5)
(317.625 375 5)
(346.5 375 5)
(375.375 375 5)
(404.25 375 5)
(433.125 375 5)
(462 375 5)
(490.875 375 5)
(519.75 375 5)
(548.625 375 5)
(577.5 375 5)
(606.375 375 5)
(635.25 375 5)
(664.125 375 5)
(693 375 5)
(721.875 375 5)
(750.75 375 5)
(779.625 375 5)
(808.5 375 5)
(837.375 375 5)
(866.25 375 5)
(895.125 375 5)
(924 375 5)
(952.875 375 5)
(981.75 375 5)
(1010.625 375 5)
(1039.5 375 5)
(1068.375 375 5)
(1097.25 375 5)
(1126.125 375 5)
(1155 375 5)
(0 400 5)
(28.875 400 5)
(57.75 400 5)
(86.625 400 5)
(115.5 400 5)
(144.375 400 5)
(173.25 400 5)
(202.125 400 5)
(231 400 5)
(259.875 400 5)
(288.75 400 5)
(317.625 400 5)
(346.5 400 5)
(375.375 400 5)
(404.25 400 5)
(433.125 400 5)
(462 400 5)
(490.875 400 5)
(519.75 400 5)
(548.625 400 5)
(577.5 400 5)
(606.375 400 5)
(635.25 400 5)
(664.125 400 5)
(693 400 5)
(721.875 400 5)
(750.75 400 5)
(779.625 400 5)
(808.5 400 5)
(837.375 400 5)
(866.25 400 5)
(895.125 400 5)
(924 400 5)
(952.875 400 5)
(981.75 400 5)
(1010.625 400 5)
(1039.5 400 5)
(1068.375 400 5)
(1097.25 400 5)
(1126.125 400 5)
(1155 400 5)
(0 425 5)
(28.875 425 5)
(57.75 425 5)
(86.625 425 5)
(115.5 425 5)
(144.375 425 5)
(173.25 425 5)
(202.125 425 5)
(231 425 5)
(259.875 425 5)
(288.75 425 5)
(317.625 425 5)
(346.5 425 5)
(375.375 425 5)
(404.25 425 5)
(433.125 425 5)
(462 425 5)
(490.875 425 5)
(519.75 425 5)
(548.625 425 5)
(577.5 425 5)
(606.375 425 5)
(635.25 425 5)
(664.125 425 5)
(693 425 5)
(721.875 425 5)
(750.75 425 5)
(779.625 425 5)
(808.5 425 5)
(837.375 425 5)
(866.25 425 5)
(895.125 425 5)
(924 425 5)
(952.875 425 5)
(981.75 425 5)
(1010.625 425 5)
(1039.5 425 5)
(1068.375 425 5)
(1097.25 425 5)
(1126.125 425 5)
(1155 425 5)
(0 450 5)
(28.875 450 5)
(57.75 450 5)
(86.625 450 5)
(115.5 450 5)
(144.375 450 5)
(173.25 450 5)
(202.125 450 5)
(231 450 5)
(259.875 450 5)
(288.75 450 5)
(317.625 450 5)
(346.5 450 5)
(375.375 450 5)
(404.25 450 5)
(433.125 450 5)
(462 450 5)
(490.875 450 5)
(519.75 450 5)
(548.625 450 5)
(577.5 450 5)
(606.375 450 5)
(635.25 450 5)
(664.125 450 5)
(693 450 5)
(721.875 450 5)
(750.75 450 5)
(779.625 450 5)
(808.5 450 5)
(837.375 450 5)
(866.25 450 5)
(895.125 450 5)
(924 450 5)
(952.875 450 5)
(981.75 450 5)
(1010.625 450 5)
(1039.5 450 5)
(1068.375 450 5)
(1097.25 450 5)
(1126.125 450 5)
(1155 450 5)
(0 475 5)
(28.875 475 5)
(57.75 475 5)
(86.625 475 5)
(115.5 475 5)
(144.375 475 5)
(173.25 475 5)
(202.125 475 5)
(231 475 5)
(259.875 475 5)
(288.75 475 5)
(317.625 475 5)
(346.5 475 5)
(375.375 475 5)
(404.25 475 5)
(433.125 475 5)
(462 475 5)
(490.875 475 5)
(519.75 475 5)
(548.625 475 5)
(577.5 475 5)
(606.375 475 5)
(635.25 475 5)
(664.125 475 5)
(693 475 5)
(721.875 475 5)
(750.75 475 5)
(779.625 475 5)
(808.5 475 5)
(837.375 475 5)
(866.25 475 5)
(895.125 475 5)
(924 475 5)
(952.875 475 5)
(981.75 475 5)
(1010.625 475 5)
(1039.5 475 5)
(1068.375 475 5)
(1097.25 475 5)
(1126.125 475 5)
(1155 475 5)
(0 500 5)
(28.875 500 5)
(57.75 500 5)
(86.625 500 5)
(115.5 500 5)
(144.375 500 5)
(173.25 500 5)
(202.125 500 5)
(231 500 5)
(259.875 500 5)
(288.75 500 5)
(317.625 500 5)
(346.5 500 5)
(375.375 500 5)
(404.25 500 5)
(433.125 500 5)
(462 500 5)
(490.875 500 5)
(519.75 500 5)
(548.625 500 5)
(577.5 500 5)
(606.375 500 5)
(635.25 500 5)
(664.125 500 5)
(693 500 5)
(721.875 500 5)
(750.75 500 5)
(779.625 500 5)
(808.5 500 5)
(837.375 500 5)
(866.25 500 5)
(895.125 500 5)
(924 500 5)
(952.875 500 5)
(981.75 500 5)
(1010.625 500 5)
(1039.5 500 5)
(1068.375 500 5)
(1097.25 500 5)
(1126.125 500 5)
(1155 500 5)
(0 0 10)
(28.875 0 10)
(57.75 0 10)
(86.625 0 10)
(115.5 0 10)
(144.375 0 10)
(173.25 0 10)
(202.125 0 10)
(231 0 10)
(259.875 0 10)
(288.75 0 10)
(317.625 0 10)
(346.5 0 10)
(375.375 0 10)
(404.25 0 10)
(433.125 0 10)
(462 0 10)
(490.875 0 10)
(519.75 0 10)
(548.625 0 10)
(577.5 0 10)
(606.375 0 10)
(635.25 0 10)
(664.125 0 10)
(693 0 10)
(721.875 0 10)
(750.75 0 10)
(779.625 0 10)
(808.5 0 10)
(837.375 0 10)
(866.25 0 10)
(895.125 0 10)
(924 0 10)
(952.875 0 10)
(981.75 0 10)
(1010.625 0 10)
(1039.5 0 10)
(1068.375 0 10)
(1097.25 0 10)
(1126.125 0 10)
(1155 0 10)
(0 25 10)
(28.875 25 10)
(57.75 25 10)
(86.625 25 10)
(115.5 25 10)
(144.375 25 10)
(173.25 25 10)
(202.125 25 10)
(231 25 10)
(259.875 25 10)
(288.75 25 10)
(317.625 25 10)
(346.5 25 10)
(375.375 25 10)
(404.25 25 10)
(433.125 25 10)
(462 25 10)
(490.875 25 10)
(519.75 25 10)
(548.625 25 10)
(577.5 25 10)
(606.375 25 10)
(635.25 25 10)
(664.125 25 10)
(693 25 10)
(721.875 25 10)
(750.75 25 10)
(779.625 25 10)
(808.5 25 10)
(837.375 25 10)
(866.25 25 10)
(895.125 25 10)
(924 25 10)
(952.875 25 10)
(981.75 25 10)
(1010.625 25 10)
(1039.5 25 10)
(1068.375 25 10)
(1097.25 25 10)
(1126.125 25 10)
(1155 25 10)
(0 50 10)
(28.875 50 10)
(57.75 50 10)
(86.625 50 10)
(115.5 50 10)
(144.375 50 10)
(173.25 50 10)
(202.125 50 10)
(231 50 10)
(259.875 50 10)
(288.75 50 10)
(317.625 50 10)
(346.5 50 10)
(375.375 50 10)
(404.25 50 10)
(433.125 50 10)
(462 50 10)
(490.875 50 10)
(519.75 50 10)
(548.625 50 10)
(577.5 50 10)
(606.375 50 10)
(635.25 50 10)
(664.125 50 10)
(693 50 10)
(721.875 50 10)
(750.75 50 10)
(779.625 50 10)
(808.5 50 10)
(837.375 50 10)
(866.25 50 10)
(895.125 50 10)
(924 50 10)
(952.875 50 10)
(981.75 50 10)
(1010.625 50 10)
(1039.5 50 10)
(1068.375 50 10)
(1097.25 50 10)
(1126.125 50 10)
(1155 50 10)
(0 75 10)
(28.875 75 10)
(57.75 75 10)
(86.625 75 10)
(115.5 75 10)
(144.375 75 10)
(173.25 75 10)
(202.125 75 10)
(231 75 10)
(259.875 75 10)
(288.75 75 10)
(317.625 75 10)
(346.5 75 10)
(375.375 75 10)
(404.25 75 10)
(433.125 75 10)
(462 75 10)
(490.875 75 10)
(519.75 75 10)
(548.625 75 10)
(577.5 75 10)
(606.375 75 10)
(635.25 75 10)
(664.125 75 10)
(693 75 10)
(721.875 75 10)
(750.75 75 10)
(779.625 75 10)
(808.5 75 10)
(837.375 75 10)
(866.25 75 10)
(895.125 75 10)
(924 75 10)
(952.875 75 10)
(981.75 75 10)
(1010.625 75 10)
(1039.5 75 10)
(1068.375 75 10)
(1097.25 75 10)
(1126.125 75 10)
(1155 75 10)
(0 100 10)
(28.875 100 10)
(57.75 100 10)
(86.625 100 10)
(115.5 100 10)
(144.375 100 10)
(173.25 100 10)
(202.125 100 10)
(231 100 10)
(259.875 100 10)
(288.75 100 10)
(317.625 100 10)
(346.5 100 10)
(375.375 100 10)
(404.25 100 10)
(433.125 100 10)
(462 100 10)
(490.875 100 10)
(519.75 100 10)
(548.625 100 10)
(577.5 100 10)
(606.375 100 10)
(635.25 100 10)
(664.125 100 10)
(693 100 10)
(721.875 100 10)
(750.75 100 10)
(779.625 100 10)
(808.5 100 10)
(837.375 100 10)
(866.25 100 10)
(895.125 100 10)
(924 100 10)
(952.875 100 10)
(981.75 100 10)
(1010.625 100 10)
(1039.5 100 10)
(1068.375 100 10)
(1097.25 100 10)
(1126.125 100 10)
(1155 100 10)
(0 125 10)
(28.875 125 10)
(57.75 125 10)
(86.625 125 10)
(115.5 125 10)
(144.375 125 10)
(173.25 125 10)
(202.125 125 10)
(231 125 10)
(259.875 125 10)
(288.75 125 10)
(317.625 125 10)
(346.5 125 10)
(375.375 125 10)
(404.25 125 10)
(433.125 125 10)
(462 125 10)
(490.875 125 10)
(519.75 125 10)
(548.625 125 10)
(577.5 125 10)
(606.375 125 10)
(635.25 125 10)
(664.125 125 10)
(693 125 10)
(721.875 125 10)
(750.75 125 10)
(779.625 125 10)
(808.5 125 10)
(837.375 125 10)
(866.25 125 10)
(895.125 125 10)
(924 125 10)
(952.875 125 10)
(981.75 125 10)
(1010.625 125 10)
(1039.5 125 10)
(1068.375 125 10)
(1097.25 125 10)
(1126.125 125 10)
(1155 125 10)
(0 150 10)
(28.875 150 10)
(57.75 150 10)
(86.625 150 10)
(115.5 150 10)
(144.375 150 10)
(173.25 150 10)
(202.125 150 10)
(231 150 10)
(259.875 150 10)
(288.75 150 10)
(317.625 150 10)
(346.5 150 10)
(375.375 150 10)
(404.25 150 10)
(433.125 150 10)
(462 150 10)
(490.875 150 10)
(519.75 150 10)
(548.625 150 10)
(577.5 150 10)
(606.375 150 10)
(635.25 150 10)
(664.125 150 10)
(693 150 10)
(721.875 150 10)
(750.75 150 10)
(779.625 150 10)
(808.5 150 10)
(837.375 150 10)
(866.25 150 10)
(895.125 150 10)
(924 150 10)
(952.875 150 10)
(981.75 150 10)
(1010.625 150 10)
(1039.5 150 10)
(1068.375 150 10)
(1097.25 150 10)
(1126.125 150 10)
(1155 150 10)
(0 175 10)
(28.875 175 10)
(57.75 175 10)
(86.625 175 10)
(115.5 175 10)
(144.375 175 10)
(173.25 175 10)
(202.125 175 10)
(231 175 10)
(259.875 175 10)
(288.75 175 10)
(317.625 175 10)
(346.5 175 10)
(375.375 175 10)
(404.25 175 10)
(433.125 175 10)
(462 175 10)
(490.875 175 10)
(519.75 175 10)
(548.625 175 10)
(577.5 175 10)
(606.375 175 10)
(635.25 175 10)
(664.125 175 10)
(693 175 10)
(721.875 175 10)
(750.75 175 10)
(779.625 175 10)
(808.5 175 10)
(837.375 175 10)
(866.25 175 10)
(895.125 175 10)
(924 175 10)
(952.875 175 10)
(981.75 175 10)
(1010.625 175 10)
(1039.5 175 10)
(1068.375 175 10)
(1097.25 175 10)
(1126.125 175 10)
(1155 175 10)
(0 200 10)
(28.875 200 10)
(57.75 200 10)
(86.625 200 10)
(115.5 200 10)
(144.375 200 10)
(173.25 200 10)
(202.125 200 10)
(231 200 10)
(259.875 200 10)
(288.75 200 10)
(317.625 200 10)
(346.5 200 10)
(375.375 200 10)
(404.25 200 10)
(433.125 200 10)
(462 200 10)
(490.875 200 10)
(519.75 200 10)
(548.625 200 10)
(577.5 200 10)
(606.375 200 10)
(635.25 200 10)
(664.125 200 10)
(693 200 10)
(721.875 200 10)
(750.75 200 10)
(779.625 200 10)
(808.5 200 10)
(837.375 200 10)
(866.25 200 10)
(895.125 200 10)
(924 200 10)
(952.875 200 10)
(981.75 200 10)
(1010.625 200 10)
(1039.5 200 10)
(1068.375 200 10)
(1097.25 200 10)
(1126.125 200 10)
(1155 200 10)
(0 225 10)
(28.875 225 10)
(57.75 225 10)
(86.625 225 10)
(115.5 225 10)
(144.375 225 10)
(173.25 225 10)
(202.125 225 10)
(231 225 10)
(259.875 225 10)
(288.75 225 10)
(317.625 225 10)
(346.5 225 10)
(375.375 225 10)
(404.25 225 10)
(433.125 225 10)
(462 225 10)
(490.875 225 10)
(519.75 225 10)
(548.625 225 10)
(577.5 225 10)
(606.375 225 10)
(635.25 225 10)
(664.125 225 10)
(693 225 10)
(721.875 225 10)
(750.75 225 10)
(779.625 225 10)
(808.5 225 10)
(837.375 225 10)
(866.25 225 10)
(895.125 225 10)
(924 225 10)
(952.875 225 10)
(981.75 225 10)
(1010.625 225 10)
(1039.5 225 10)
(1068.375 225 10)
(1097.25 225 10)
(1126.125 225 10)
(1155 225 10)
(0 250 10)
(28.875 250 10)
(57.75 250 10)
(86.625 250 10)
(115.5 250 10)
(144.375 250 10)
(173.25 250 10)
(202.125 250 10)
(231 250 10)
(259.875 250 10)
(288.75 250 10)
(317.625 250 10)
(346.5 250 10)
(375.375 250 10)
(404.25 250 10)
(433.125 250 10)
(462 250 10)
(490.875 250 10)
(519.75 250 10)
(548.625 250 10)
(577.5 250 10)
(606.375 250 10)
(635.25 250 10)
(664.125 250 10)
(693 250 10)
(721.875 250 10)
(750.75 250 10)
(779.625 250 10)
(808.5 250 10)
(837.375 250 10)
(866.25 250 10)
(895.125 250 10)
(924 250 10)
(952.875 250 10)
(981.75 250 10)
(1010.625 250 10)
(1039.5 250 10)
(1068.375 250 10)
(1097.25 250 10)
(1126.125 250 10)
(1155 250 10)
(0 275 10)
(28.875 275 10)
(57.75 275 10)
(86.625 275 10)
(115.5 275 10)
(144.375 275 10)
(173.25 275 10)
(202.125 275 10)
(231 275 10)
(259.875 275 10)
(288.75 275 10)
(317.625 275 10)
(346.5 275 10)
(375.375 275 10)
(404.25 275 10)
(433.125 275 10)
(462 275 10)
(490.875 275 10)
(519.75 275 10)
(548.625 275 10)
(577.5 275 10)
(606.375 275 10)
(635.25 275 10)
(664.125 275 10)
(693 275 10)
(721.875 275 10)
(750.75 275 10)
(779.625 275 10)
(808.5 275 10)
(837.375 275 10)
(866.25 275 10)
(895.125 275 10)
(924 275 10)
(952.875 275 10)
(981.75 275 10)
(1010.625 275 10)
(1039.5 275 10)
(1068.375 275 10)
(1097.25 275 10)
(1126.125 275 10)
(1155 275 10)
(0 300 10)
(28.875 300 10)
(57.75 300 10)
(86.625 300 10)
(115.5 300 10)
(144.375 300 10)
(173.25 300 10)
(202.125 300 10)
(231 300 10)
(259.875 300 10)
(288.75 300 10)
(317.625 300 10)
(346.5 300 10)
(375.375 300 10)
(404.25 300 10)
(433.125 300 10)
(462 300 10)
(490.875 300 10)
(519.75 300 10)
(548.625 300 10)
(577.5 300 10)
(606.375 300 10)
(635.25 300 10)
(664.125 300 10)
(693 300 10)
(721.875 300 10)
(750.75 300 10)
(779.625 300 10)
(808.5 300 10)
(837.375 300 10)
(866.25 300 10)
(895.125 300 10)
(924 300 10)
(952.875 300 10)
(981.75 300 10)
(1010.625 300 10)
(1039.5 300 10)
(1068.375 300 10)
(1097.25 300 10)
(1126.125 300 10)
(1155 300 10)
(0 325 10)
(28.875 325 10)
(57.75 325 10)
(86.625 325 10)
(115.5 325 10)
(144.375 325 10)
(173.25 325 10)
(202.125 325 10)
(231 325 10)
(259.875 325 10)
(288.75 325 10)
(317.625 325 10)
(346.5 325 10)
(375.375 325 10)
(404.25 325 10)
(433.125 325 10)
(462 325 10)
(490.875 325 10)
(519.75 325 10)
(548.625 325 10)
(577.5 325 10)
(606.375 325 10)
(635.25 325 10)
(664.125 325 10)
(693 325 10)
(721.875 325 10)
(750.75 325 10)
(779.625 325 10)
(808.5 325 10)
(837.375 325 10)
(866.25 325 10)
(895.125 325 10)
(924 325 10)
(952.875 325 10)
(981.75 325 10)
(1010.625 325 10)
(1039.5 325 10)
(1068.375 325 10)
(1097.25 325 10)
(1126.125 325 10)
(1155 325 10)
(0 350 10)
(28.875 350 10)
(57.75 350 10)
(86.625 350 10)
(115.5 350 10)
(144.375 350 10)
(173.25 350 10)
(202.125 350 10)
(231 350 10)
(259.875 350 10)
(288.75 350 10)
(317.625 350 10)
(346.5 350 10)
(375.375 350 10)
(404.25 350 10)
(433.125 350 10)
(462 350 10)
(490.875 350 10)
(519.75 350 10)
(548.625 350 10)
(577.5 350 10)
(606.375 350 10)
(635.25 350 10)
(664.125 350 10)
(693 350 10)
(721.875 350 10)
(750.75 350 10)
(779.625 350 10)
(808.5 350 10)
(837.375 350 10)
(866.25 350 10)
(895.125 350 10)
(924 350 10)
(952.875 350 10)
(981.75 350 10)
(1010.625 350 10)
(1039.5 350 10)
(1068.375 350 10)
(1097.25 350 10)
(1126.125 350 10)
(1155 350 10)
(0 375 10)
(28.875 375 10)
(57.75 375 10)
(86.625 375 10)
(115.5 375 10)
(144.375 375 10)
(173.25 375 10)
(202.125 375 10)
(231 375 10)
(259.875 375 10)
(288.75 375 10)
(317.625 375 10)
(346.5 375 10)
(375.375 375 10)
(404.25 375 10)
(433.125 375 10)
(462 375 10)
(490.875 375 10)
(519.75 375 10)
(548.625 375 10)
(577.5 375 10)
(606.375 375 10)
(635.25 375 10)
(664.125 375 10)
(693 375 10)
(721.875 375 10)
(750.75 375 10)
(779.625 375 10)
(808.5 375 10)
(837.375 375 10)
(866.25 375 10)
(895.125 375 10)
(924 375 10)
(952.875 375 10)
(981.75 375 10)
(1010.625 375 10)
(1039.5 375 10)
(1068.375 375 10)
(1097.25 375 10)
(1126.125 375 10)
(1155 375 10)
(0 400 10)
(28.875 400 10)
(57.75 400 10)
(86.625 400 10)
(115.5 400 10)
(144.375 400 10)
(173.25 400 10)
(202.125 400 10)
(231 400 10)
(259.875 400 10)
(288.75 400 10)
(317.625 400 10)
(346.5 400 10)
(375.375 400 10)
(404.25 400 10)
(433.125 400 10)
(462 400 10)
(490.875 400 10)
(519.75 400 10)
(548.625 400 10)
(577.5 400 10)
(606.375 400 10)
(635.25 400 10)
(664.125 400 10)
(693 400 10)
(721.875 400 10)
(750.75 400 10)
(779.625 400 10)
(808.5 400 10)
(837.375 400 10)
(866.25 400 10)
(895.125 400 10)
(924 400 10)
(952.875 400 10)
(981.75 400 10)
(1010.625 400 10)
(1039.5 400 10)
(1068.375 400 10)
(1097.25 400 10)
(1126.125 400 10)
(1155 400 10)
(0 425 10)
(28.875 425 10)
(57.75 425 10)
(86.625 425 10)
(115.5 425 10)
(144.375 425 10)
(173.25 425 10)
(202.125 425 10)
(231 425 10)
(259.875 425 10)
(288.75 425 10)
(317.625 425 10)
(346.5 425 10)
(375.375 425 10)
(404.25 425 10)
(433.125 425 10)
(462 425 10)
(490.875 425 10)
(519.75 425 10)
(548.625 425 10)
(577.5 425 10)
(606.375 425 10)
(635.25 425 10)
(664.125 425 10)
(693 425 10)
(721.875 425 10)
(750.75 425 10)
(779.625 425 10)
(808.5 425 10)
(837.375 425 10)
(866.25 425 10)
(895.125 425 10)
(924 425 10)
(952.875 425 10)
(981.75 425 10)
(1010.625 425 10)
(1039.5 425 10)
(1068.375 425 10)
(1097.25 425 10)
(1126.125 425 10)
(1155 425 10)
(0 450 10)
(28.875 450 10)
(57.75 450 10)
(86.625 450 10)
(115.5 450 10)
(144.375 450 10)
(173.25 450 10)
(202.125 450 10)
(231 450 10)
(259.875 450 10)
(288.75 450 10)
(317.625 450 10)
(346.5 450 10)
(375.375 450 10)
(404.25 450 10)
(433.125 450 10)
(462 450 10)
(490.875 450 10)
(519.75 450 10)
(548.625 450 10)
(577.5 450 10)
(606.375 450 10)
(635.25 450 10)
(664.125 450 10)
(693 450 10)
(721.875 450 10)
(750.75 450 10)
(779.625 450 10)
(808.5 450 10)
(837.375 450 10)
(866.25 450 10)
(895.125 450 10)
(924 450 10)
(952.875 450 10)
(981.75 450 10)
(1010.625 450 10)
(1039.5 450 10)
(1068.375 450 10)
(1097.25 450 10)
(1126.125 450 10)
(1155 450 10)
(0 475 10)
(28.875 475 10)
(57.75 475 10)
(86.625 475 10)
(115.5 475 10)
(144.375 475 10)
(173.25 475 10)
(202.125 475 10)
(231 475 10)
(259.875 475 10)
(288.75 475 10)
(317.625 475 10)
(346.5 475 10)
(375.375 475 10)
(404.25 475 10)
(433.125 475 10)
(462 475 10)
(490.875 475 10)
(519.75 475 10)
(548.625 475 10)
(577.5 475 10)
(606.375 475 10)
(635.25 475 10)
(664.125 475 10)
(693 475 10)
(721.875 475 10)
(750.75 475 10)
(779.625 475 10)
(808.5 475 10)
(837.375 475 10)
(866.25 475 10)
(895.125 475 10)
(924 475 10)
(952.875 475 10)
(981.75 475 10)
(1010.625 475 10)
(1039.5 475 10)
(1068.375 475 10)
(1097.25 475 10)
(1126.125 475 10)
(1155 475 10)
(0 500 10)
(28.875 500 10)
(57.75 500 10)
(86.625 500 10)
(115.5 500 10)
(144.375 500 10)
(173.25 500 10)
(202.125 500 10)
(231 500 10)
(259.875 500 10)
(288.75 500 10)
(317.625 500 10)
(346.5 500 10)
(375.375 500 10)
(404.25 500 10)
(433.125 500 10)
(462 500 10)
(490.875 500 10)
(519.75 500 10)
(548.625 500 10)
(577.5 500 10)
(606.375 500 10)
(635.25 500 10)
(664.125 500 10)
(693 500 10)
(721.875 500 10)
(750.75 500 10)
(779.625 500 10)
(808.5 500 10)
(837.375 500 10)
(866.25 500 10)
(895.125 500 10)
(924 500 10)
(952.875 500 10)
(981.75 500 10)
(1010.625 500 10)
(1039.5 500 10)
(1068.375 500 10)
(1097.25 500 10)
(1126.125 500 10)
(1155 500 10)
(0 0 15)
(28.875 0 15)
(57.75 0 15)
(86.625 0 15)
(115.5 0 15)
(144.375 0 15)
(173.25 0 15)
(202.125 0 15)
(231 0 15)
(259.875 0 15)
(288.75 0 15)
(317.625 0 15)
(346.5 0 15)
(375.375 0 15)
(404.25 0 15)
(433.125 0 15)
(462 0 15)
(490.875 0 15)
(519.75 0 15)
(548.625 0 15)
(577.5 0 15)
(606.375 0 15)
(635.25 0 15)
(664.125 0 15)
(693 0 15)
(721.875 0 15)
(750.75 0 15)
(779.625 0 15)
(808.5 0 15)
(837.375 0 15)
(866.25 0 15)
(895.125 0 15)
(924 0 15)
(952.875 0 15)
(981.75 0 15)
(1010.625 0 15)
(1039.5 0 15)
(1068.375 0 15)
(1097.25 0 15)
(1126.125 0 15)
(1155 0 15)
(0 25 15)
(28.875 25 15)
(57.75 25 15)
(86.625 25 15)
(115.5 25 15)
(144.375 25 15)
(173.25 25 15)
(202.125 25 15)
(231 25 15)
(259.875 25 15)
(288.75 25 15)
(317.625 25 15)
(346.5 25 15)
(375.375 25 15)
(404.25 25 15)
(433.125 25 15)
(462 25 15)
(490.875 25 15)
(519.75 25 15)
(548.625 25 15)
(577.5 25 15)
(606.375 25 15)
(635.25 25 15)
(664.125 25 15)
(693 25 15)
(721.875 25 15)
(750.75 25 15)
(779.625 25 15)
(808.5 25 15)
(837.375 25 15)
(866.25 25 15)
(895.125 25 15)
(924 25 15)
(952.875 25 15)
(981.75 25 15)
(1010.625 25 15)
(1039.5 25 15)
(1068.375 25 15)
(1097.25 25 15)
(1126.125 25 15)
(1155 25 15)
(0 50 15)
(28.875 50 15)
(57.75 50 15)
(86.625 50 15)
(115.5 50 15)
(144.375 50 15)
(173.25 50 15)
(202.125 50 15)
(231 50 15)
(259.875 50 15)
(288.75 50 15)
(317.625 50 15)
(346.5 50 15)
(375.375 50 15)
(404.25 50 15)
(433.125 50 15)
(462 50 15)
(490.875 50 15)
(519.75 50 15)
(548.625 50 15)
(577.5 50 15)
(606.375 50 15)
(635.25 50 15)
(664.125 50 15)
(693 50 15)
(721.875 50 15)
(750.75 50 15)
(779.625 50 15)
(808.5 50 15)
(837.375 50 15)
(866.25 50 15)
(895.125 50 15)
(924 50 15)
(952.875 50 15)
(981.75 50 15)
(1010.625 50 15)
(1039.5 50 15)
(1068.375 50 15)
(1097.25 50 15)
(1126.125 50 15)
(1155 50 15)
(0 75 15)
(28.875 75 15)
(57.75 75 15)
(86.625 75 15)
(115.5 75 15)
(144.375 75 15)
(173.25 75 15)
(202.125 75 15)
(231 75 15)
(259.875 75 15)
(288.75 75 15)
(317.625 75 15)
(346.5 75 15)
(375.375 75 15)
(404.25 75 15)
(433.125 75 15)
(462 75 15)
(490.875 75 15)
(519.75 75 15)
(548.625 75 15)
(577.5 75 15)
(606.375 75 15)
(635.25 75 15)
(664.125 75 15)
(693 75 15)
(721.875 75 15)
(750.75 75 15)
(779.625 75 15)
(808.5 75 15)
(837.375 75 15)
(866.25 75 15)
(895.125 75 15)
(924 75 15)
(952.875 75 15)
(981.75 75 15)
(1010.625 75 15)
(1039.5 75 15)
(1068.375 75 15)
(1097.25 75 15)
(1126.125 75 15)
(1155 75 15)
(0 100 15)
(28.875 100 15)
(57.75 100 15)
(86.625 100 15)
(115.5 100 15)
(144.375 100 15)
(173.25 100 15)
(202.125 100 15)
(231 100 15)
(259.875 100 15)
(288.75 100 15)
(317.625 100 15)
(346.5 100 15)
(375.375 100 15)
(404.25 100 15)
(433.125 100 15)
(462 100 15)
(490.875 100 15)
(519.75 100 15)
(548.625 100 15)
(577.5 100 15)
(606.375 100 15)
(635.25 100 15)
(664.125 100 15)
(693 100 15)
(721.875 100 15)
(750.75 100 15)
(779.625 100 15)
(808.5 100 15)
(837.375 100 15)
(866.25 100 15)
(895.125 100 15)
(924 100 15)
(952.875 100 15)
(981.75 100 15)
(1010.625 100 15)
(1039.5 100 15)
(1068.375 100 15)
(1097.25 100 15)
(1126.125 100 15)
(1155 100 15)
(0 125 15)
(28.875 125 15)
(57.75 125 15)
(86.625 125 15)
(115.5 125 15)
(144.375 125 15)
(173.25 125 15)
(202.125 125 15)
(231 125 15)
(259.875 125 15)
(288.75 125 15)
(317.625 125 15)
(346.5 125 15)
(375.375 125 15)
(404.25 125 15)
(433.125 125 15)
(462 125 15)
(490.875 125 15)
(519.75 125 15)
(548.625 125 15)
(577.5 125 15)
(606.375 125 15)
(635.25 125 15)
(664.125 125 15)
(693 125 15)
(721.875 125 15)
(750.75 125 15)
(779.625 125 15)
(808.5 125 15)
(837.375 125 15)
(866.25 125 15)
(895.125 125 15)
(924 125 15)
(952.875 125 15)
(981.75 125 15)
(1010.625 125 15)
(1039.5 125 15)
(1068.375 125 15)
(1097.25 125 15)
(1126.125 125 15)
(1155 125 15)
(0 150 15)
(28.875 150 15)
(57.75 150 15)
(86.625 150 15)
(115.5 150 15)
(144.375 150 15)
(173.25 150 15)
(202.125 150 15)
(231 150 15)
(259.875 150 15)
(288.75 150 15)
(317.625 150 15)
(346.5 150 15)
(375.375 150 15)
(404.25 150 15)
(433.125 150 15)
(462 150 15)
(490.875 150 15)
(519.75 150 15)
(548.625 150 15)
(577.5 150 15)
(606.375 150 15)
(635.25 150 15)
(664.125 150 15)
(693 150 15)
(721.875 150 15)
(750.75 150 15)
(779.625 150 15)
(808.5 150 15)
(837.375 150 15)
(866.25 150 15)
(895.125 150 15)
(924 150 15)
(952.875 150 15)
(981.75 150 15)
(1010.625 150 15)
(1039.5 150 15)
(1068.375 150 15)
(1097.25 150 15)
(1126.125 150 15)
(1155 150 15)
(0 175 15)
(28.875 175 15)
(57.75 175 15)
(86.625 175 15)
(115.5 175 15)
(144.375 175 15)
(173.25 175 15)
(202.125 175 15)
(231 175 15)
(259.875 175 15)
(288.75 175 15)
(317.625 175 15)
(346.5 175 15)
(375.375 175 15)
(404.25 175 15)
(433.125 175 15)
(462 175 15)
(490.875 175 15)
(519.75 175 15)
(548.625 175 15)
(577.5 175 15)
(606.375 175 15)
(635.25 175 15)
(664.125 175 15)
(693 175 15)
(721.875 175 15)
(750.75 175 15)
(779.625 175 15)
(808.5 175 15)
(837.375 175 15)
(866.25 175 15)
(895.125 175 15)
(924 175 15)
(952.875 175 15)
(981.75 175 15)
(1010.625 175 15)
(1039.5 175 15)
(1068.375 175 15)
(1097.25 175 15)
(1126.125 175 15)
(1155 175 15)
(0 200 15)
(28.875 200 15)
(57.75 200 15)
(86.625 200 15)
(115.5 200 15)
(144.375 200 15)
(173.25 200 15)
(202.125 200 15)
(231 200 15)
(259.875 200 15)
(288.75 200 15)
(317.625 200 15)
(346.5 200 15)
(375.375 200 15)
(404.25 200 15)
(433.125 200 15)
(462 200 15)
(490.875 200 15)
(519.75 200 15)
(548.625 200 15)
(577.5 200 15)
(606.375 200 15)
(635.25 200 15)
(664.125 200 15)
(693 200 15)
(721.875 200 15)
(750.75 200 15)
(779.625 200 15)
(808.5 200 15)
(837.375 200 15)
(866.25 200 15)
(895.125 200 15)
(924 200 15)
(952.875 200 15)
(981.75 200 15)
(1010.625 200 15)
(1039.5 200 15)
(1068.375 200 15)
(1097.25 200 15)
(1126.125 200 15)
(1155 200 15)
(0 225 15)
(28.875 225 15)
(57.75 225 15)
(86.625 225 15)
(115.5 225 15)
(144.375 225 15)
(173.25 225 15)
(202.125 225 15)
(231 225 15)
(259.875 225 15)
(288.75 225 15)
(317.625 225 15)
(346.5 225 15)
(375.375 225 15)
(404.25 225 15)
(433.125 225 15)
(462 225 15)
(490.875 225 15)
(519.75 225 15)
(548.625 225 15)
(577.5 225 15)
(606.375 225 15)
(635.25 225 15)
(664.125 225 15)
(693 225 15)
(721.875 225 15)
(750.75 225 15)
(779.625 225 15)
(808.5 225 15)
(837.375 225 15)
(866.25 225 15)
(895.125 225 15)
(924 225 15)
(952.875 225 15)
(981.75 225 15)
(1010.625 225 15)
(1039.5 225 15)
(1068.375 225 15)
(1097.25 225 15)
(1126.125 225 15)
(1155 225 15)
(0 250 15)
(28.875 250 15)
(57.75 250 15)
(86.625 250 15)
(115.5 250 15)
(144.375 250 15)
(173.25 250 15)
(202.125 250 15)
(231 250 15)
(259.875 250 15)
(288.75 250 15)
(317.625 250 15)
(346.5 250 15)
(375.375 250 15)
(404.25 250 15)
(433.125 250 15)
(462 250 15)
(490.875 250 15)
(519.75 250 15)
(548.625 250 15)
(577.5 250 15)
(606.375 250 15)
(635.25 250 15)
(664.125 250 15)
(693 250 15)
(721.875 250 15)
(750.75 250 15)
(779.625 250 15)
(808.5 250 15)
(837.375 250 15)
(866.25 250 15)
(895.125 250 15)
(924 250 15)
(952.875 250 15)
(981.75 250 15)
(1010.625 250 15)
(1039.5 250 15)
(1068.375 250 15)
(1097.25 250 15)
(1126.125 250 15)
(1155 250 15)
(0 275 15)
(28.875 275 15)
(57.75 275 15)
(86.625 275 15)
(115.5 275 15)
(144.375 275 15)
(173.25 275 15)
(202.125 275 15)
(231 275 15)
(259.875 275 15)
(288.75 275 15)
(317.625 275 15)
(346.5 275 15)
(375.375 275 15)
(404.25 275 15)
(433.125 275 15)
(462 275 15)
(490.875 275 15)
(519.75 275 15)
(548.625 275 15)
(577.5 275 15)
(606.375 275 15)
(635.25 275 15)
(664.125 275 15)
(693 275 15)
(721.875 275 15)
(750.75 275 15)
(779.625 275 15)
(808.5 275 15)
(837.375 275 15)
(866.25 275 15)
(895.125 275 15)
(924 275 15)
(952.875 275 15)
(981.75 275 15)
(1010.625 275 15)
(1039.5 275 15)
(1068.375 275 15)
(1097.25 275 15)
(1126.125 275 15)
(1155 275 15)
(0 300 15)
(28.875 300 15)
(57.75 300 15)
(86.625 300 15)
(115.5 300 15)
(144.375 300 15)
(173.25 300 15)
(202.125 300 15)
(231 300 15)
(259.875 300 15)
(288.75 300 15)
(317.625 300 15)
(346.5 300 15)
(375.375 300 15)
(404.25 300 15)
(433.125 300 15)
(462 300 15)
(490.875 300 15)
(519.75 300 15)
(548.625 300 15)
(577.5 300 15)
(606.375 300 15)
(635.25 300 15)
(664.125 300 15)
(693 300 15)
(721.875 300 15)
(750.75 300 15)
(779.625 300 15)
(808.5 300 15)
(837.375 300 15)
(866.25 300 15)
(895.125 300 15)
(924 300 15)
(952.875 300 15)
(981.75 300 15)
(1010.625 300 15)
(1039.5 300 15)
(1068.375 300 15)
(1097.25 300 15)
(1126.125 300 15)
(1155 300 15)
(0 325 15)
(28.875 325 15)
(57.75 325 15)
(86.625 325 15)
(115.5 325 15)
(144.375 325 15)
(173.25 325 15)
(202.125 325 15)
(231 325 15)
(259.875 325 15)
(288.75 325 15)
(317.625 325 15)
(346.5 325 15)
(375.375 325 15)
(404.25 325 15)
(433.125 325 15)
(462 325 15)
(490.875 325 15)
(519.75 325 15)
(548.625 325 15)
(577.5 325 15)
(606.375 325 15)
(635.25 325 15)
(664.125 325 15)
(693 325 15)
(721.875 325 15)
(750.75 325 15)
(779.625 325 15)
(808.5 325 15)
(837.375 325 15)
(866.25 325 15)
(895.125 325 15)
(924 325 15)
(952.875 325 15)
(981.75 325 15)
(1010.625 325 15)
(1039.5 325 15)
(1068.375 325 15)
(1097.25 325 15)
(1126.125 325 15)
(1155 325 15)
(0 350 15)
(28.875 350 15)
(57.75 350 15)
(86.625 350 15)
(115.5 350 15)
(144.375 350 15)
(173.25 350 15)
(202.125 350 15)
(231 350 15)
(259.875 350 15)
(288.75 350 15)
(317.625 350 15)
(346.5 350 15)
(375.375 350 15)
(404.25 350 15)
(433.125 350 15)
(462 350 15)
(490.875 350 15)
(519.75 350 15)
(548.625 350 15)
(577.5 350 15)
(606.375 350 15)
(635.25 350 15)
(664.125 350 15)
(693 350 15)
(721.875 350 15)
(750.75 350 15)
(779.625 350 15)
(808.5 350 15)
(837.375 350 15)
(866.25 350 15)
(895.125 350 15)
(924 350 15)
(952.875 350 15)
(981.75 350 15)
(1010.625 350 15)
(1039.5 350 15)
(1068.375 350 15)
(1097.25 350 15)
(1126.125 350 15)
(1155 350 15)
(0 375 15)
(28.875 375 15)
(57.75 375 15)
(86.625 375 15)
(115.5 375 15)
(144.375 375 15)
(173.25 375 15)
(202.125 375 15)
(231 375 15)
(259.875 375 15)
(288.75 375 15)
(317.625 375 15)
(346.5 375 15)
(375.375 375 15)
(404.25 375 15)
(433.125 375 15)
(462 375 15)
(490.875 375 15)
(519.75 375 15)
(548.625 375 15)
(577.5 375 15)
(606.375 375 15)
(635.25 375 15)
(664.125 375 15)
(693 375 15)
(721.875 375 15)
(750.75 375 15)
(779.625 375 15)
(808.5 375 15)
(837.375 375 15)
(866.25 375 15)
(895.125 375 15)
(924 375 15)
(952.875 375 15)
(981.75 375 15)
(1010.625 375 15)
(1039.5 375 15)
(1068.375 375 15)
(1097.25 375 15)
(1126.125 375 15)
(1155 375 15)
(0 400 15)
(28.875 400 15)
(57.75 400 15)
(86.625 400 15)
(115.5 400 15)
(144.375 400 15)
(173.25 400 15)
(202.125 400 15)
(231 400 15)
(259.875 400 15)
(288.75 400 15)
(317.625 400 15)
(346.5 400 15)
(375.375 400 15)
(404.25 400 15)
(433.125 400 15)
(462 400 15)
(490.875 400 15)
(519.75 400 15)
(548.625 400 15)
(577.5 400 15)
(606.375 400 15)
(635.25 400 15)
(664.125 400 15)
(693 400 15)
(721.875 400 15)
(750.75 400 15)
(779.625 400 15)
(808.5 400 15)
(837.375 400 15)
(866.25 400 15)
(895.125 400 15)
(924 400 15)
(952.875 400 15)
(981.75 400 15)
(1010.625 400 15)
(1039.5 400 15)
(1068.375 400 15)
(1097.25 400 15)
(1126.125 400 15)
(1155 400 15)
(0 425 15)
(28.875 425 15)
(57.75 425 15)
(86.625 425 15)
(115.5 425 15)
(144.375 425 15)
(173.25 425 15)
(202.125 425 15)
(231 425 15)
(259.875 425 15)
(288.75 425 15)
(317.625 425 15)
(346.5 425 15)
(375.375 425 15)
(404.25 425 15)
(433.125 425 15)
(462 425 15)
(490.875 425 15)
(519.75 425 15)
(548.625 425 15)
(577.5 425 15)
(606.375 425 15)
(635.25 425 15)
(664.125 425 15)
(693 425 15)
(721.875 425 15)
(750.75 425 15)
(779.625 425 15)
(808.5 425 15)
(837.375 425 15)
(866.25 425 15)
(895.125 425 15)
(924 425 15)
(952.875 425 15)
(981.75 425 15)
(1010.625 425 15)
(1039.5 425 15)
(1068.375 425 15)
(1097.25 425 15)
(1126.125 425 15)
(1155 425 15)
(0 450 15)
(28.875 450 15)
(57.75 450 15)
(86.625 450 15)
(115.5 450 15)
(144.375 450 15)
(173.25 450 15)
(202.125 450 15)
(231 450 15)
(259.875 450 15)
(288.75 450 15)
(317.625 450 15)
(346.5 450 15)
(375.375 450 15)
(404.25 450 15)
(433.125 450 15)
(462 450 15)
(490.875 450 15)
(519.75 450 15)
(548.625 450 15)
(577.5 450 15)
(606.375 450 15)
(635.25 450 15)
(664.125 450 15)
(693 450 15)
(721.875 450 15)
(750.75 450 15)
(779.625 450 15)
(808.5 450 15)
(837.375 450 15)
(866.25 450 15)
(895.125 450 15)
(924 450 15)
(952.875 450 15)
(981.75 450 15)
(1010.625 450 15)
(1039.5 450 15)
(1068.375 450 15)
(1097.25 450 15)
(1126.125 450 15)
(1155 450 15)
(0 475 15)
(28.875 475 15)
(57.75 475 15)
(86.625 475 15)
(115.5 475 15)
(144.375 475 15)
(173.25 475 15)
(202.125 475 15)
(231 475 15)
(259.875 475 15)
(288.75 475 15)
(317.625 475 15)
(346.5 475 15)
(375.375 475 15)
(404.25 475 15)
(433.125 475 15)
(462 475 15)
(490.875 475 15)
(519.75 475 15)
(548.625 475 15)
(577.5 475 15)
(606.375 475 15)
(635.25 475 15)
(664.125 475 15)
(693 475 15)
(721.875 475 15)
(750.75 475 15)
(779.625 475 15)
(808.5 475 15)
(837.375 475 15)
(866.25 475 15)
(895.125 475 15)
(924 475 15)
(952.875 475 15)
(981.75 475 15)
(1010.625 475 15)
(1039.5 475 15)
(1068.375 475 15)
(1097.25 475 15)
(1126.125 475 15)
(1155 475 15)
(0 500 15)
(28.875 500 15)
(57.75 500 15)
(86.625 500 15)
(115.5 500 15)
(144.375 500 15)
(173.25 500 15)
(202.125 500 15)
(231 500 15)
(259.875 500 15)
(288.75 500 15)
(317.625 500 15)
(346.5 500 15)
(375.375 500 15)
(404.25 500 15)
(433.125 500 15)
(462 500 15)
(490.875 500 15)
(519.75 500 15)
(548.625 500 15)
(577.5 500 15)
(606.375 500 15)
(635.25 500 15)
(664.125 500 15)
(693 500 15)
(721.875 500 15)
(750.75 500 15)
(779.625 500 15)
(808.5 500 15)
(837.375 500 15)
(866.25 500 15)
(895.125 500 15)
(924 500 15)
(952.875 500 15)
(981.75 500 15)
(1010.625 500 15)
(1039.5 500 15)
(1068.375 500 15)
(1097.25 500 15)
(1126.125 500 15)
(1155 500 15)
)


// ************************************************************************* //
