157
(
	(0.000000	0.0	0.0)
	(0.000000	0.0	0.0)
	(0.000000	0.0	0.0)
	(0.000000	0.0	0.0)
	(0.000000	0.0	0.0)
	(0.000000	0.0	0.0)
	(0.000000	0.0	0.0)
	(0.000000	0.0	0.0)
	(0.000000	0.0	0.0)
	(0.000000	0.0	0.0)
	(0.000000	0.0	0.0)
	(0.000000	0.0	0.0)
	(0.000000	0.0	0.0)
	(0.000000	0.0	0.0)
	(0.000000	0.0	0.0)
	(0.000000	0.0	0.0)
	(0.000000	0.0	0.0)
	(0.000000	0.0	0.0)
	(0.000000	0.0	0.0)
	(0.000000	0.0	0.0)
	(0.000000	0.0	0.0)
	(0.000000	0.0	0.0)
	(0.000000	0.0	0.0)
	(0.000000	0.0	0.0)
	(0.000000	0.0	0.0)
	(0.000000	0.0	0.0)
	(0.000000	0.0	0.0)
	(0.000000	0.0	0.0)
	(0.176924	0.0	0.0)
	(0.239516	0.0	0.0)
	(0.385514	0.0	0.0)
	(0.442039	0.0	0.0)
	(0.504523	0.0	0.0)
	(0.550481	0.0	0.0)
	(0.569126	0.0	0.0)
	(0.619039	0.0	0.0)
	(0.665992	0.0	0.0)
	(0.718929	0.0	0.0)
	(0.729168	0.0	0.0)
	(0.729815	0.0	0.0)
	(0.442779	0.0	0.0)
	(1.076924	0.0	0.0)
	(0.765258	0.0	0.0)
	(0.427568	0.0	0.0)
	(0.315493	0.0	0.0)
	(0.146800	0.0	0.0)
	(0.099905	0.0	0.0)
	(0.071864	0.0	0.0)
	(0.057555	0.0	0.0)
	(0.031576	0.0	0.0)
	(0.013117	0.0	0.0)
	(0.001134	0.0	0.0)
	(0.000000	0.0	0.0)
	(0.000000	0.0	0.0)
	(0.176924	0.0	0.0)
	(0.239516	0.0	0.0)
	(0.385514	0.0	0.0)
	(0.442039	0.0	0.0)
	(0.504523	0.0	0.0)
	(0.550481	0.0	0.0)
	(0.569126	0.0	0.0)
	(0.619039	0.0	0.0)
	(0.665992	0.0	0.0)
	(0.718929	0.0	0.0)
	(0.729168	0.0	0.0)
	(0.729815	0.0	0.0)
	(0.442779	0.0	0.0)
	(1.076924	0.0	0.0)
	(0.765258	0.0	0.0)
	(0.427568	0.0	0.0)
	(0.315493	0.0	0.0)
	(0.146800	0.0	0.0)
	(0.099905	0.0	0.0)
	(0.071864	0.0	0.0)
	(0.057555	0.0	0.0)
	(0.031576	0.0	0.0)
	(0.013117	0.0	0.0)
	(0.001134	0.0	0.0)
	(0.000000	0.0	0.0)
	(0.000000	0.0	0.0)
	(0.176924	0.0	0.0)
	(0.239516	0.0	0.0)
	(0.385514	0.0	0.0)
	(0.442039	0.0	0.0)
	(0.504523	0.0	0.0)
	(0.550481	0.0	0.0)
	(0.569126	0.0	0.0)
	(0.619039	0.0	0.0)
	(0.665992	0.0	0.0)
	(0.718929	0.0	0.0)
	(0.729168	0.0	0.0)
	(0.729815	0.0	0.0)
	(0.442779	0.0	0.0)
	(1.076924	0.0	0.0)
	(0.765258	0.0	0.0)
	(0.427568	0.0	0.0)
	(0.315493	0.0	0.0)
	(0.146800	0.0	0.0)
	(0.099905	0.0	0.0)
	(0.071864	0.0	0.0)
	(0.057555	0.0	0.0)
	(0.031576	0.0	0.0)
	(0.013117	0.0	0.0)
	(0.001134	0.0	0.0)
	(0.000000	0.0	0.0)
	(0.000000	0.0	0.0)
	(0.176924	0.0	0.0)
	(0.239516	0.0	0.0)
	(0.385514	0.0	0.0)
	(0.442039	0.0	0.0)
	(0.504523	0.0	0.0)
	(0.550481	0.0	0.0)
	(0.569126	0.0	0.0)
	(0.619039	0.0	0.0)
	(0.665992	0.0	0.0)
	(0.718929	0.0	0.0)
	(0.729168	0.0	0.0)
	(0.729815	0.0	0.0)
	(0.442779	0.0	0.0)
	(1.076924	0.0	0.0)
	(0.765258	0.0	0.0)
	(0.427568	0.0	0.0)
	(0.315493	0.0	0.0)
	(0.146800	0.0	0.0)
	(0.099905	0.0	0.0)
	(0.071864	0.0	0.0)
	(0.057555	0.0	0.0)
	(0.031576	0.0	0.0)
	(0.013117	0.0	0.0)
	(0.001134	0.0	0.0)
	(0.000000	0.0	0.0)
	(0.000000	0.0	0.0)
	(0.000000	0.0	0.0)
	(0.000000	0.0	0.0)
	(0.000000	0.0	0.0)
	(0.000000	0.0	0.0)
	(0.000000	0.0	0.0)
	(0.000000	0.0	0.0)
	(0.000000	0.0	0.0)
	(0.000000	0.0	0.0)
	(0.000000	0.0	0.0)
	(0.000000	0.0	0.0)
	(0.000000	0.0	0.0)
	(0.000000	0.0	0.0)
	(0.000000	0.0	0.0)
	(1.000000	0.0	0.0)
	(0.000000	0.0	0.0)
	(0.000000	0.0	0.0)
	(0.000000	0.0	0.0)
	(0.000000	0.0	0.0)
	(0.000000	0.0	0.0)
	(0.000000	0.0	0.0)
	(0.000000	0.0	0.0)
	(0.000000	0.0	0.0)
	(0.000000	0.0	0.0)
	(0.000000	0.0	0.0)
	(0.000000	0.0	0.0)
)
