/*--------------------------------*- C++ -*----------------------------------*\
| =========                 |                                                 |
| \\      /  F ield         | OpenFOAM: The Open Source CFD Toolbox           |
|  \\    /   O peration     | Version:  3.0.1                                 |
|   \\  /    A nd           | Web:      www.OpenFOAM.org                      |
|    \\/     M anipulation  |                                                 |
\*---------------------------------------------------------------------------*/
FoamFile
{
    version     2.0;
    format      ascii;
    class       faceList;
    location    "constant/polyMesh";
    object      faces;
}
// * * * * * * * * * * * * * * * * * * * * * * * * * * * * * * * * * * * * * //


74
(
4(8 10 11 9)
4(6 7 17 16)
4(14 16 17 15)
4(8 9 20 19)
4(16 19 20 17)
4(19 22 23 20)
4(14 15 29 28)
4(26 28 29 27)
4(16 17 32 31)
4(28 31 32 29)
4(19 20 35 34)
4(31 34 35 32)
4(19 34 37 22)
4(33 36 37 34)
4(34 37 38 35)
4(26 27 42 41)
4(28 29 44 43)
4(31 32 47 46)
4(31 46 49 34)
4(33 34 49 48)
4(34 35 50 49)
4(34 49 52 37)
4(1 9 11 3)
4(5 15 17 7)
4(7 17 20 9)
4(9 20 23 11)
4(13 27 29 15)
4(15 29 32 17)
4(17 32 35 20)
4(20 35 38 23)
4(25 40 42 27)
4(27 42 44 29)
4(29 44 47 32)
4(32 47 50 35)
4(35 50 53 38)
4(0 1 3 2)
4(4 5 7 6)
4(0 8 9 1)
4(6 7 9 8)
4(0 2 10 8)
4(4 14 15 5)
4(12 13 15 14)
4(4 6 16 14)
4(6 8 19 16)
4(8 10 22 19)
4(18 19 22 21)
4(12 26 27 13)
4(24 25 27 26)
4(12 14 28 26)
4(14 16 31 28)
4(16 19 34 31)
4(18 33 34 19)
4(30 31 34 33)
4(18 21 36 33)
4(24 39 40 25)
4(24 26 41 39)
4(26 28 43 41)
4(28 31 46 43)
4(30 45 46 31)
4(30 33 48 45)
4(33 36 51 48)
4(39 41 42 40)
4(41 43 44 42)
4(43 46 47 44)
4(45 48 49 46)
4(46 49 50 47)
4(48 51 52 49)
4(49 52 53 50)
4(2 3 11 10)
4(10 11 23 22)
4(21 22 37 36)
4(22 23 38 37)
4(36 37 52 51)
4(37 38 53 52)
)


// ************************************************************************* //
