/*--------------------------------*- C++ -*----------------------------------*\
| =========                 |                                                 |
| \\      /  F ield         | OpenFOAM: The Open Source CFD Toolbox           |
|  \\    /   O peration     | Version:  2.4.0                                 |
|   \\  /    A nd           | Web:      www.OpenFOAM.org                      |
|    \\/     M anipulation  |                                                 |
\*---------------------------------------------------------------------------*/
FoamFile
{
    version     2.0;
    format      ascii;
    class       labelList;
    note        "nPoints: 7579 nCells: 6240 nFaces: 19984 nInternalFaces: 17456";
    location    "constant/polyMesh";
    object      neighbour;
}
// * * * * * * * * * * * * * * * * * * * * * * * * * * * * * * * * * * * * * //


17456
(
1
2
20
1060
3
21
40
1061
3
4
22
1062
5
23
42
1063
5
6
24
1064
7
25
44
1065
7
8
26
1066
9
27
46
1067
9
10
28
1068
11
29
48
1069
11
12
30
1070
13
31
50
1071
13
14
32
1072
15
33
52
1073
15
16
34
1074
17
35
54
1075
17
18
36
1076
19
37
56
1077
19
38
1078
39
58
1079
21
22
23
60
23
24
25
62
25
26
27
64
27
28
29
66
29
30
31
68
31
32
33
70
33
34
35
72
35
36
37
74
37
38
39
76
39
78
41
42
60
1100
43
61
80
1101
43
44
62
1102
45
63
82
1103
45
46
64
1104
47
65
84
1105
47
48
66
1106
49
67
86
1107
49
50
68
1108
51
69
88
1109
51
52
70
1110
53
71
90
1111
53
54
72
1112
55
73
92
1113
55
56
74
1114
57
75
94
1115
57
58
76
1116
59
77
96
1117
59
78
1118
79
98
1119
61
62
63
100
63
64
65
102
65
66
67
104
67
68
69
106
69
70
71
108
71
72
73
110
73
74
75
112
75
76
77
114
77
78
79
116
79
118
81
82
100
1140
83
101
120
1141
83
84
102
1142
85
103
122
1143
85
86
104
1144
87
105
124
1145
87
88
106
1146
89
107
126
1147
89
90
108
1148
91
109
128
1149
91
92
110
1150
93
111
130
1151
93
94
112
1152
95
113
132
1153
95
96
114
1154
97
115
134
1155
97
98
116
1156
99
117
136
1157
99
118
1158
119
138
1159
101
102
103
140
103
104
105
142
105
106
107
144
107
108
109
146
109
110
111
148
111
112
113
150
113
114
115
152
115
116
117
154
117
118
119
156
119
158
121
122
140
1180
123
141
160
1181
123
124
142
1182
125
143
162
1183
125
126
144
1184
127
145
164
1185
127
128
146
1186
129
147
166
1187
129
130
148
1188
131
149
168
1189
131
132
150
1190
133
151
170
1191
133
134
152
1192
135
153
172
1193
135
136
154
1194
137
155
174
1195
137
138
156
1196
139
157
176
1197
139
158
1198
159
178
1199
141
142
143
180
143
144
145
182
145
146
147
184
147
148
149
186
149
150
151
188
151
152
153
190
153
154
155
192
155
156
157
194
157
158
159
196
159
198
161
162
180
1220
163
181
200
1221
163
164
182
1222
165
183
202
1223
165
166
184
1224
167
185
204
1225
167
168
186
1226
169
187
206
1227
169
170
188
1228
171
189
208
1229
171
172
190
1230
173
191
210
1231
173
174
192
1232
175
193
212
1233
175
176
194
1234
177
195
214
1235
177
178
196
1236
179
197
216
1237
179
198
1238
199
218
1239
181
182
183
220
183
184
185
222
185
186
187
224
187
188
189
226
189
190
191
228
191
192
193
230
193
194
195
232
195
196
197
234
197
198
199
236
199
238
201
202
220
1260
203
221
240
1261
203
204
222
1262
205
223
242
1263
205
206
224
1264
207
225
244
1265
207
208
226
1266
209
227
246
1267
209
210
228
1268
211
229
248
1269
211
212
230
1270
213
231
250
1271
213
214
232
1272
215
233
252
1273
215
216
234
1274
217
235
254
1275
217
218
236
1276
219
237
256
1277
219
238
1278
239
258
1279
221
222
223
260
223
224
225
262
225
226
227
264
227
228
229
266
229
230
231
268
231
232
233
270
233
234
235
272
235
236
237
274
237
238
239
276
239
278
241
242
260
1300
243
261
280
1301
243
244
262
1302
245
263
282
1303
245
246
264
1304
247
265
284
1305
247
248
266
1306
249
267
286
1307
249
250
268
1308
251
269
288
1309
251
252
270
1310
253
271
290
1311
253
254
272
1312
255
273
292
1313
255
256
274
1314
257
275
294
1315
257
258
276
1316
259
277
296
1317
259
278
1318
279
298
1319
261
262
263
300
263
264
265
302
265
266
267
304
267
268
269
306
269
270
271
308
271
272
273
310
273
274
275
312
275
276
277
314
277
278
279
316
279
318
281
282
300
1340
283
301
320
1341
283
284
302
1342
285
303
322
1343
285
286
304
1344
287
305
324
1345
287
288
306
1346
289
307
326
1347
289
290
308
1348
291
309
328
1349
291
292
310
1350
293
311
330
1351
293
294
312
1352
295
313
332
1353
295
296
314
1354
297
315
334
1355
297
298
316
1356
299
317
336
1357
299
318
1358
319
338
1359
301
302
303
340
303
304
305
342
305
306
307
344
307
308
309
346
309
310
311
348
311
312
313
350
313
314
315
352
315
316
317
354
317
318
319
356
319
358
321
322
340
1380
323
341
360
1381
323
324
342
1382
325
343
362
1383
325
326
344
1384
327
345
364
1385
327
328
346
1386
329
347
366
1387
329
330
348
1388
331
349
368
1389
331
332
350
1390
333
351
370
1391
333
334
352
1392
335
353
372
1393
335
336
354
1394
337
355
374
1395
337
338
356
1396
339
357
376
1397
339
358
1398
359
378
1399
341
342
343
380
343
344
345
382
345
346
347
384
347
348
349
386
349
350
351
388
351
352
353
390
353
354
355
392
355
356
357
394
357
358
359
396
359
398
361
362
380
1420
363
381
400
1421
363
364
382
1422
365
383
402
1423
365
366
384
1424
367
385
404
1425
367
368
386
1426
369
387
406
1427
369
370
388
1428
371
389
408
1429
371
372
390
1430
373
391
410
1431
373
374
392
1432
375
393
412
1433
375
376
394
1434
377
395
414
1435
377
378
396
1436
379
397
416
1437
379
398
1438
399
418
1439
381
382
383
420
383
384
385
422
385
386
387
424
387
388
389
426
389
390
391
428
391
392
393
430
393
394
395
432
395
396
397
434
397
398
399
436
399
438
401
402
420
1460
403
421
440
1461
403
404
422
1462
405
423
442
1463
405
406
424
1464
407
425
444
1465
407
408
426
1466
409
427
446
1467
409
410
428
1468
411
429
448
1469
411
412
430
1470
413
431
450
1471
413
414
432
1472
415
433
452
1473
415
416
434
1474
417
435
454
1475
417
418
436
1476
419
437
456
1477
419
438
1478
439
458
1479
421
422
423
460
423
424
425
462
425
426
427
464
427
428
429
466
429
430
431
468
431
432
433
470
433
434
435
472
435
436
437
474
437
438
439
476
439
478
441
442
460
1500
443
461
480
1501
443
444
462
1502
445
463
482
1503
445
446
464
1504
447
465
484
1505
447
448
466
1506
449
467
486
1507
449
450
468
1508
451
469
488
1509
451
452
470
1510
453
471
490
1511
453
454
472
1512
455
473
492
1513
455
456
474
1514
457
475
494
1515
457
458
476
1516
459
477
496
1517
459
478
1518
479
498
1519
461
462
463
500
463
464
465
502
465
466
467
504
467
468
469
506
469
470
471
508
471
472
473
510
473
474
475
512
475
476
477
514
477
478
479
516
479
518
481
482
500
1540
483
501
520
1541
483
484
502
1542
485
503
522
1543
485
486
504
1544
487
505
524
1545
487
488
506
1546
489
507
526
1547
489
490
508
1548
491
509
528
1549
491
492
510
1550
493
511
530
1551
493
494
512
1552
495
513
532
1553
495
496
514
1554
497
515
534
1555
497
498
516
1556
499
517
536
1557
499
518
1558
519
538
1559
501
502
503
540
503
504
505
542
505
506
507
544
507
508
509
546
509
510
511
548
511
512
513
550
513
514
515
552
515
516
517
554
517
518
519
556
519
558
521
522
540
1580
523
541
560
1581
523
524
542
1582
525
543
562
1583
525
526
544
1584
527
545
564
1585
527
528
546
1586
529
547
566
1587
529
530
548
1588
531
549
568
1589
531
532
550
1590
533
551
570
1591
533
534
552
1592
535
553
572
1593
535
536
554
1594
537
555
574
1595
537
538
556
1596
539
557
576
1597
539
558
1598
559
578
1599
541
542
543
580
543
544
545
582
545
546
547
584
547
548
549
586
549
550
551
588
551
552
553
590
553
554
555
592
555
556
557
594
557
558
559
596
559
598
561
562
580
1620
563
581
600
1621
563
564
582
1622
565
583
602
1623
565
566
584
1624
567
585
604
1625
567
568
586
1626
569
587
606
1627
569
570
588
1628
571
589
608
1629
571
572
590
1630
573
591
610
1631
573
574
592
1632
575
593
612
1633
575
576
594
1634
577
595
614
1635
577
578
596
1636
579
597
616
1637
579
598
1638
599
618
1639
581
582
583
620
583
584
585
622
585
586
587
624
587
588
589
626
589
590
591
628
591
592
593
630
593
594
595
632
595
596
597
634
597
598
599
636
599
638
601
602
620
1660
603
621
640
1661
603
604
622
1662
605
623
642
1663
605
606
624
1664
607
625
644
1665
607
608
626
1666
609
627
646
1667
609
610
628
1668
611
629
648
1669
611
612
630
1670
613
631
650
1671
613
614
632
1672
615
633
652
1673
615
616
634
1674
617
635
654
1675
617
618
636
1676
619
637
656
1677
619
638
1678
639
658
1679
621
622
623
660
623
624
625
662
625
626
627
664
627
628
629
666
629
630
631
668
631
632
633
670
633
634
635
672
635
636
637
674
637
638
639
676
639
678
641
642
660
1700
643
661
680
1701
643
644
662
1702
645
663
682
1703
645
646
664
1704
647
665
684
1705
647
648
666
1706
649
667
686
1707
649
650
668
1708
651
669
688
1709
651
652
670
1710
653
671
690
1711
653
654
672
1712
655
673
692
1713
655
656
674
1714
657
675
694
1715
657
658
676
1716
659
677
696
1717
659
678
1718
679
698
1719
661
662
663
700
663
664
665
702
665
666
667
704
667
668
669
706
669
670
671
708
671
672
673
710
673
674
675
712
675
676
677
714
677
678
679
716
679
718
681
682
700
1740
683
701
720
1741
683
684
702
1742
685
703
722
1743
685
686
704
1744
687
705
724
1745
687
688
706
1746
689
707
726
1747
689
690
708
1748
691
709
728
1749
691
692
710
1750
693
711
730
1751
693
694
712
1752
695
713
732
1753
695
696
714
1754
697
715
734
1755
697
698
716
1756
699
717
736
1757
699
718
1758
719
738
1759
701
702
703
740
703
704
705
742
705
706
707
744
707
708
709
746
709
710
711
748
711
712
713
750
713
714
715
752
715
716
717
754
717
718
719
756
719
758
721
722
740
1780
723
741
760
1781
723
724
742
1782
725
743
762
1783
725
726
744
1784
727
745
764
1785
727
728
746
1786
729
747
766
1787
729
730
748
1788
731
749
768
1789
731
732
750
1790
733
751
770
1791
733
734
752
1792
735
753
772
1793
735
736
754
1794
737
755
774
1795
737
738
756
1796
739
757
776
1797
739
758
1798
759
778
1799
741
742
743
780
743
744
745
782
745
746
747
784
747
748
749
786
749
750
751
788
751
752
753
790
753
754
755
792
755
756
757
794
757
758
759
796
759
798
761
762
780
1820
763
781
800
1821
763
764
782
1822
765
783
802
1823
765
766
784
1824
767
785
804
1825
767
768
786
1826
769
787
806
1827
769
770
788
1828
771
789
808
1829
771
772
790
1830
773
791
810
1831
773
774
792
1832
775
793
812
1833
775
776
794
1834
777
795
814
1835
777
778
796
1836
779
797
816
1837
779
798
1838
799
818
1839
781
782
783
820
783
784
785
822
785
786
787
824
787
788
789
826
789
790
791
828
791
792
793
830
793
794
795
832
795
796
797
834
797
798
799
836
799
838
801
802
820
1860
803
821
840
1861
803
804
822
1862
805
823
842
1863
805
806
824
1864
807
825
844
1865
807
808
826
1866
809
827
846
1867
809
810
828
1868
811
829
848
1869
811
812
830
1870
813
831
850
1871
813
814
832
1872
815
833
852
1873
815
816
834
1874
817
835
854
1875
817
818
836
1876
819
837
856
1877
819
838
1878
839
858
1879
821
822
823
860
823
824
825
862
825
826
827
864
827
828
829
866
829
830
831
868
831
832
833
870
833
834
835
872
835
836
837
874
837
838
839
876
839
878
841
842
860
1900
843
861
880
1901
843
844
862
1902
845
863
882
1903
845
846
864
1904
847
865
884
1905
847
848
866
1906
849
867
886
1907
849
850
868
1908
851
869
888
1909
851
852
870
1910
853
871
890
1911
853
854
872
1912
855
873
892
1913
855
856
874
1914
857
875
894
1915
857
858
876
1916
859
877
896
1917
859
878
1918
879
898
1919
861
862
863
900
863
864
865
902
865
866
867
904
867
868
869
906
869
870
871
908
871
872
873
910
873
874
875
912
875
876
877
914
877
878
879
916
879
918
881
882
900
1940
883
901
920
1941
883
884
902
1942
885
903
922
1943
885
886
904
1944
887
905
924
1945
887
888
906
1946
889
907
926
1947
889
890
908
1948
891
909
928
1949
891
892
910
1950
893
911
930
1951
893
894
912
1952
895
913
932
1953
895
896
914
1954
897
915
934
1955
897
898
916
1956
899
917
936
1957
899
918
1958
919
938
1959
901
902
903
940
903
904
905
942
905
906
907
944
907
908
909
946
909
910
911
948
911
912
913
950
913
914
915
952
915
916
917
954
917
918
919
956
919
958
921
922
940
1980
923
941
960
1981
923
924
942
1982
925
943
962
1983
925
926
944
1984
927
945
964
1985
927
928
946
1986
929
947
966
1987
929
930
948
1988
931
949
968
1989
931
932
950
1990
933
951
970
1991
933
934
952
1992
935
953
972
1993
935
936
954
1994
937
955
974
1995
937
938
956
1996
939
957
976
1997
939
958
1998
959
978
1999
941
942
943
980
943
944
945
982
945
946
947
984
947
948
949
986
949
950
951
988
951
952
953
990
953
954
955
992
955
956
957
994
957
958
959
996
959
998
961
962
980
2020
963
981
1000
2021
963
964
982
2022
965
983
1002
2023
965
966
984
2024
967
985
1004
2025
967
968
986
2026
969
987
1006
2027
969
970
988
2028
971
989
1008
2029
971
972
990
2030
973
991
1010
2031
973
974
992
2032
975
993
1012
2033
975
976
994
2034
977
995
1014
2035
977
978
996
2036
979
997
1016
2037
979
998
2038
999
1018
2039
981
982
983
1020
983
984
985
1022
985
986
987
1024
987
988
989
1026
989
990
991
1028
991
992
993
1030
993
994
995
1032
995
996
997
1034
997
998
999
1036
999
1038
1001
1002
1020
2060
1003
1021
2061
1003
1004
1022
2062
1005
1023
2063
1005
1006
1024
2064
1007
1025
2065
1007
1008
1026
2066
1009
1027
2067
1009
1010
1028
2068
1011
1029
2069
1011
1012
1030
2070
1013
1031
2071
1013
1014
1032
2072
1015
1033
2073
1015
1016
1034
2074
1017
1035
2075
1017
1018
1036
2076
1019
1037
2077
1019
1038
2078
1039
2079
1021
1022
1023
1023
1024
1025
1025
1026
1027
1027
1028
1029
1029
1030
1031
1031
1032
1033
1033
1034
1035
1035
1036
1037
1037
1038
1039
1039
1041
1042
1060
2100
1043
1061
1080
2101
1043
1044
1062
2102
1045
1063
1082
2103
1045
1046
1064
2104
1047
1065
1084
2105
1047
1048
1066
2106
1049
1067
1086
2107
1049
1050
1068
2108
1051
1069
1088
2109
1051
1052
1070
2110
1053
1071
1090
2111
1053
1054
1072
2112
1055
1073
1092
2113
1055
1056
1074
2114
1057
1075
1094
2115
1057
1058
1076
2116
1059
1077
1096
2117
1059
1078
2118
1079
1098
2119
1061
1062
1063
1100
1063
1064
1065
1102
1065
1066
1067
1104
1067
1068
1069
1106
1069
1070
1071
1108
1071
1072
1073
1110
1073
1074
1075
1112
1075
1076
1077
1114
1077
1078
1079
1116
1079
1118
1081
1082
1100
2140
1083
1101
1120
2141
1083
1084
1102
2142
1085
1103
1122
2143
1085
1086
1104
2144
1087
1105
1124
2145
1087
1088
1106
2146
1089
1107
1126
2147
1089
1090
1108
2148
1091
1109
1128
2149
1091
1092
1110
2150
1093
1111
1130
2151
1093
1094
1112
2152
1095
1113
1132
2153
1095
1096
1114
2154
1097
1115
1134
2155
1097
1098
1116
2156
1099
1117
1136
2157
1099
1118
2158
1119
1138
2159
1101
1102
1103
1140
1103
1104
1105
1142
1105
1106
1107
1144
1107
1108
1109
1146
1109
1110
1111
1148
1111
1112
1113
1150
1113
1114
1115
1152
1115
1116
1117
1154
1117
1118
1119
1156
1119
1158
1121
1122
1140
2180
1123
1141
1160
2181
1123
1124
1142
2182
1125
1143
1162
2183
1125
1126
1144
2184
1127
1145
1164
2185
1127
1128
1146
2186
1129
1147
1166
2187
1129
1130
1148
2188
1131
1149
1168
2189
1131
1132
1150
2190
1133
1151
1170
2191
1133
1134
1152
2192
1135
1153
1172
2193
1135
1136
1154
2194
1137
1155
1174
2195
1137
1138
1156
2196
1139
1157
1176
2197
1139
1158
2198
1159
1178
2199
1141
1142
1143
1180
1143
1144
1145
1182
1145
1146
1147
1184
1147
1148
1149
1186
1149
1150
1151
1188
1151
1152
1153
1190
1153
1154
1155
1192
1155
1156
1157
1194
1157
1158
1159
1196
1159
1198
1161
1162
1180
2220
1163
1181
1200
2221
1163
1164
1182
2222
1165
1183
1202
2223
1165
1166
1184
2224
1167
1185
1204
2225
1167
1168
1186
2226
1169
1187
1206
2227
1169
1170
1188
2228
1171
1189
1208
2229
1171
1172
1190
2230
1173
1191
1210
2231
1173
1174
1192
2232
1175
1193
1212
2233
1175
1176
1194
2234
1177
1195
1214
2235
1177
1178
1196
2236
1179
1197
1216
2237
1179
1198
2238
1199
1218
2239
1181
1182
1183
1220
1183
1184
1185
1222
1185
1186
1187
1224
1187
1188
1189
1226
1189
1190
1191
1228
1191
1192
1193
1230
1193
1194
1195
1232
1195
1196
1197
1234
1197
1198
1199
1236
1199
1238
1201
1202
1220
2260
1203
1221
1240
2261
1203
1204
1222
2262
1205
1223
1242
2263
1205
1206
1224
2264
1207
1225
1244
2265
1207
1208
1226
2266
1209
1227
1246
2267
1209
1210
1228
2268
1211
1229
1248
2269
1211
1212
1230
2270
1213
1231
1250
2271
1213
1214
1232
2272
1215
1233
1252
2273
1215
1216
1234
2274
1217
1235
1254
2275
1217
1218
1236
2276
1219
1237
1256
2277
1219
1238
2278
1239
1258
2279
1221
1222
1223
1260
1223
1224
1225
1262
1225
1226
1227
1264
1227
1228
1229
1266
1229
1230
1231
1268
1231
1232
1233
1270
1233
1234
1235
1272
1235
1236
1237
1274
1237
1238
1239
1276
1239
1278
1241
1242
1260
2300
1243
1261
1280
2301
1243
1244
1262
2302
1245
1263
1282
2303
1245
1246
1264
2304
1247
1265
1284
2305
1247
1248
1266
2306
1249
1267
1286
2307
1249
1250
1268
2308
1251
1269
1288
2309
1251
1252
1270
2310
1253
1271
1290
2311
1253
1254
1272
2312
1255
1273
1292
2313
1255
1256
1274
2314
1257
1275
1294
2315
1257
1258
1276
2316
1259
1277
1296
2317
1259
1278
2318
1279
1298
2319
1261
1262
1263
1300
1263
1264
1265
1302
1265
1266
1267
1304
1267
1268
1269
1306
1269
1270
1271
1308
1271
1272
1273
1310
1273
1274
1275
1312
1275
1276
1277
1314
1277
1278
1279
1316
1279
1318
1281
1282
1300
2340
1283
1301
1320
2341
1283
1284
1302
2342
1285
1303
1322
2343
1285
1286
1304
2344
1287
1305
1324
2345
1287
1288
1306
2346
1289
1307
1326
2347
1289
1290
1308
2348
1291
1309
1328
2349
1291
1292
1310
2350
1293
1311
1330
2351
1293
1294
1312
2352
1295
1313
1332
2353
1295
1296
1314
2354
1297
1315
1334
2355
1297
1298
1316
2356
1299
1317
1336
2357
1299
1318
2358
1319
1338
2359
1301
1302
1303
1340
1303
1304
1305
1342
1305
1306
1307
1344
1307
1308
1309
1346
1309
1310
1311
1348
1311
1312
1313
1350
1313
1314
1315
1352
1315
1316
1317
1354
1317
1318
1319
1356
1319
1358
1321
1322
1340
2380
1323
1341
1360
2381
1323
1324
1342
2382
1325
1343
1362
2383
1325
1326
1344
2384
1327
1345
1364
2385
1327
1328
1346
2386
1329
1347
1366
2387
1329
1330
1348
2388
1331
1349
1368
2389
1331
1332
1350
2390
1333
1351
1370
2391
1333
1334
1352
2392
1335
1353
1372
2393
1335
1336
1354
2394
1337
1355
1374
2395
1337
1338
1356
2396
1339
1357
1376
2397
1339
1358
2398
1359
1378
2399
1341
1342
1343
1380
1343
1344
1345
1382
1345
1346
1347
1384
1347
1348
1349
1386
1349
1350
1351
1388
1351
1352
1353
1390
1353
1354
1355
1392
1355
1356
1357
1394
1357
1358
1359
1396
1359
1398
1361
1362
1380
2420
1363
1381
1400
2421
1363
1364
1382
2422
1365
1383
1402
2423
1365
1366
1384
2424
1367
1385
1404
2425
1367
1368
1386
2426
1369
1387
1406
2427
1369
1370
1388
2428
1371
1389
1408
2429
1371
1372
1390
2430
1373
1391
1410
2431
1373
1374
1392
2432
1375
1393
1412
2433
1375
1376
1394
2434
1377
1395
1414
2435
1377
1378
1396
2436
1379
1397
1416
2437
1379
1398
2438
1399
1418
2439
1381
1382
1383
1420
1383
1384
1385
1422
1385
1386
1387
1424
1387
1388
1389
1426
1389
1390
1391
1428
1391
1392
1393
1430
1393
1394
1395
1432
1395
1396
1397
1434
1397
1398
1399
1436
1399
1438
1401
1402
1420
2460
1403
1421
1440
2461
1403
1404
1422
2462
1405
1423
1442
2463
1405
1406
1424
2464
1407
1425
1444
2465
1407
1408
1426
2466
1409
1427
1446
2467
1409
1410
1428
2468
1411
1429
1448
2469
1411
1412
1430
2470
1413
1431
1450
2471
1413
1414
1432
2472
1415
1433
1452
2473
1415
1416
1434
2474
1417
1435
1454
2475
1417
1418
1436
2476
1419
1437
1456
2477
1419
1438
2478
1439
1458
2479
1421
1422
1423
1460
1423
1424
1425
1462
1425
1426
1427
1464
1427
1428
1429
1466
1429
1430
1431
1468
1431
1432
1433
1470
1433
1434
1435
1472
1435
1436
1437
1474
1437
1438
1439
1476
1439
1478
1441
1442
1460
2500
1443
1461
1480
2501
1443
1444
1462
2502
1445
1463
1482
2503
1445
1446
1464
2504
1447
1465
1484
2505
1447
1448
1466
2506
1449
1467
1486
2507
1449
1450
1468
2508
1451
1469
1488
2509
1451
1452
1470
2510
1453
1471
1490
2511
1453
1454
1472
2512
1455
1473
1492
2513
1455
1456
1474
2514
1457
1475
1494
2515
1457
1458
1476
2516
1459
1477
1496
2517
1459
1478
2518
1479
1498
2519
1461
1462
1463
1500
1463
1464
1465
1502
1465
1466
1467
1504
1467
1468
1469
1506
1469
1470
1471
1508
1471
1472
1473
1510
1473
1474
1475
1512
1475
1476
1477
1514
1477
1478
1479
1516
1479
1518
1481
1482
1500
2540
1483
1501
1520
2541
1483
1484
1502
2542
1485
1503
1522
2543
1485
1486
1504
2544
1487
1505
1524
2545
1487
1488
1506
2546
1489
1507
1526
2547
1489
1490
1508
2548
1491
1509
1528
2549
1491
1492
1510
2550
1493
1511
1530
2551
1493
1494
1512
2552
1495
1513
1532
2553
1495
1496
1514
2554
1497
1515
1534
2555
1497
1498
1516
2556
1499
1517
1536
2557
1499
1518
2558
1519
1538
2559
1501
1502
1503
1540
1503
1504
1505
1542
1505
1506
1507
1544
1507
1508
1509
1546
1509
1510
1511
1548
1511
1512
1513
1550
1513
1514
1515
1552
1515
1516
1517
1554
1517
1518
1519
1556
1519
1558
1521
1522
1540
2580
1523
1541
1560
2581
1523
1524
1542
2582
1525
1543
1562
2583
1525
1526
1544
2584
1527
1545
1564
2585
1527
1528
1546
2586
1529
1547
1566
2587
1529
1530
1548
2588
1531
1549
1568
2589
1531
1532
1550
2590
1533
1551
1570
2591
1533
1534
1552
2592
1535
1553
1572
2593
1535
1536
1554
2594
1537
1555
1574
2595
1537
1538
1556
2596
1539
1557
1576
2597
1539
1558
2598
1559
1578
2599
1541
1542
1543
1580
1543
1544
1545
1582
1545
1546
1547
1584
1547
1548
1549
1586
1549
1550
1551
1588
1551
1552
1553
1590
1553
1554
1555
1592
1555
1556
1557
1594
1557
1558
1559
1596
1559
1598
1561
1562
1580
2620
1563
1581
1600
2621
1563
1564
1582
2622
1565
1583
1602
2623
1565
1566
1584
2624
1567
1585
1604
2625
1567
1568
1586
2626
1569
1587
1606
2627
1569
1570
1588
2628
1571
1589
1608
2629
1571
1572
1590
2630
1573
1591
1610
2631
1573
1574
1592
2632
1575
1593
1612
2633
1575
1576
1594
2634
1577
1595
1614
2635
1577
1578
1596
2636
1579
1597
1616
2637
1579
1598
2638
1599
1618
2639
1581
1582
1583
1620
1583
1584
1585
1622
1585
1586
1587
1624
1587
1588
1589
1626
1589
1590
1591
1628
1591
1592
1593
1630
1593
1594
1595
1632
1595
1596
1597
1634
1597
1598
1599
1636
1599
1638
1601
1602
1620
2660
1603
1621
1640
2661
1603
1604
1622
2662
1605
1623
1642
2663
1605
1606
1624
2664
1607
1625
1644
2665
1607
1608
1626
2666
1609
1627
1646
2667
1609
1610
1628
2668
1611
1629
1648
2669
1611
1612
1630
2670
1613
1631
1650
2671
1613
1614
1632
2672
1615
1633
1652
2673
1615
1616
1634
2674
1617
1635
1654
2675
1617
1618
1636
2676
1619
1637
1656
2677
1619
1638
2678
1639
1658
2679
1621
1622
1623
1660
1623
1624
1625
1662
1625
1626
1627
1664
1627
1628
1629
1666
1629
1630
1631
1668
1631
1632
1633
1670
1633
1634
1635
1672
1635
1636
1637
1674
1637
1638
1639
1676
1639
1678
1641
1642
1660
2700
1643
1661
1680
2701
1643
1644
1662
2702
1645
1663
1682
2703
1645
1646
1664
2704
1647
1665
1684
2705
1647
1648
1666
2706
1649
1667
1686
2707
1649
1650
1668
2708
1651
1669
1688
2709
1651
1652
1670
2710
1653
1671
1690
2711
1653
1654
1672
2712
1655
1673
1692
2713
1655
1656
1674
2714
1657
1675
1694
2715
1657
1658
1676
2716
1659
1677
1696
2717
1659
1678
2718
1679
1698
2719
1661
1662
1663
1700
1663
1664
1665
1702
1665
1666
1667
1704
1667
1668
1669
1706
1669
1670
1671
1708
1671
1672
1673
1710
1673
1674
1675
1712
1675
1676
1677
1714
1677
1678
1679
1716
1679
1718
1681
1682
1700
2740
1683
1701
1720
2741
1683
1684
1702
2742
1685
1703
1722
2743
1685
1686
1704
2744
1687
1705
1724
2745
1687
1688
1706
2746
1689
1707
1726
2747
1689
1690
1708
2748
1691
1709
1728
2749
1691
1692
1710
2750
1693
1711
1730
2751
1693
1694
1712
2752
1695
1713
1732
2753
1695
1696
1714
2754
1697
1715
1734
2755
1697
1698
1716
2756
1699
1717
1736
2757
1699
1718
2758
1719
1738
2759
1701
1702
1703
1740
1703
1704
1705
1742
1705
1706
1707
1744
1707
1708
1709
1746
1709
1710
1711
1748
1711
1712
1713
1750
1713
1714
1715
1752
1715
1716
1717
1754
1717
1718
1719
1756
1719
1758
1721
1722
1740
2780
1723
1741
1760
2781
1723
1724
1742
2782
1725
1743
1762
2783
1725
1726
1744
2784
1727
1745
1764
2785
1727
1728
1746
2786
1729
1747
1766
2787
1729
1730
1748
2788
1731
1749
1768
2789
1731
1732
1750
2790
1733
1751
1770
2791
1733
1734
1752
2792
1735
1753
1772
2793
1735
1736
1754
2794
1737
1755
1774
2795
1737
1738
1756
2796
1739
1757
1776
2797
1739
1758
2798
1759
1778
2799
1741
1742
1743
1780
1743
1744
1745
1782
1745
1746
1747
1784
1747
1748
1749
1786
1749
1750
1751
1788
1751
1752
1753
1790
1753
1754
1755
1792
1755
1756
1757
1794
1757
1758
1759
1796
1759
1798
1761
1762
1780
2820
1763
1781
1800
2821
1763
1764
1782
2822
1765
1783
1802
2823
1765
1766
1784
2824
1767
1785
1804
2825
1767
1768
1786
2826
1769
1787
1806
2827
1769
1770
1788
2828
1771
1789
1808
2829
1771
1772
1790
2830
1773
1791
1810
2831
1773
1774
1792
2832
1775
1793
1812
2833
1775
1776
1794
2834
1777
1795
1814
2835
1777
1778
1796
2836
1779
1797
1816
2837
1779
1798
2838
1799
1818
2839
1781
1782
1783
1820
1783
1784
1785
1822
1785
1786
1787
1824
1787
1788
1789
1826
1789
1790
1791
1828
1791
1792
1793
1830
1793
1794
1795
1832
1795
1796
1797
1834
1797
1798
1799
1836
1799
1838
1801
1802
1820
2860
1803
1821
1840
2861
1803
1804
1822
2862
1805
1823
1842
2863
1805
1806
1824
2864
1807
1825
1844
2865
1807
1808
1826
2866
1809
1827
1846
2867
1809
1810
1828
2868
1811
1829
1848
2869
1811
1812
1830
2870
1813
1831
1850
2871
1813
1814
1832
2872
1815
1833
1852
2873
1815
1816
1834
2874
1817
1835
1854
2875
1817
1818
1836
2876
1819
1837
1856
2877
1819
1838
2878
1839
1858
2879
1821
1822
1823
1860
1823
1824
1825
1862
1825
1826
1827
1864
1827
1828
1829
1866
1829
1830
1831
1868
1831
1832
1833
1870
1833
1834
1835
1872
1835
1836
1837
1874
1837
1838
1839
1876
1839
1878
1841
1842
1860
2900
1843
1861
1880
2901
1843
1844
1862
2902
1845
1863
1882
2903
1845
1846
1864
2904
1847
1865
1884
2905
1847
1848
1866
2906
1849
1867
1886
2907
1849
1850
1868
2908
1851
1869
1888
2909
1851
1852
1870
2910
1853
1871
1890
2911
1853
1854
1872
2912
1855
1873
1892
2913
1855
1856
1874
2914
1857
1875
1894
2915
1857
1858
1876
2916
1859
1877
1896
2917
1859
1878
2918
1879
1898
2919
1861
1862
1863
1900
1863
1864
1865
1902
1865
1866
1867
1904
1867
1868
1869
1906
1869
1870
1871
1908
1871
1872
1873
1910
1873
1874
1875
1912
1875
1876
1877
1914
1877
1878
1879
1916
1879
1918
1881
1882
1900
2940
1883
1901
1920
2941
1883
1884
1902
2942
1885
1903
1922
2943
1885
1886
1904
2944
1887
1905
1924
2945
1887
1888
1906
2946
1889
1907
1926
2947
1889
1890
1908
2948
1891
1909
1928
2949
1891
1892
1910
2950
1893
1911
1930
2951
1893
1894
1912
2952
1895
1913
1932
2953
1895
1896
1914
2954
1897
1915
1934
2955
1897
1898
1916
2956
1899
1917
1936
2957
1899
1918
2958
1919
1938
2959
1901
1902
1903
1940
1903
1904
1905
1942
1905
1906
1907
1944
1907
1908
1909
1946
1909
1910
1911
1948
1911
1912
1913
1950
1913
1914
1915
1952
1915
1916
1917
1954
1917
1918
1919
1956
1919
1958
1921
1922
1940
2980
1923
1941
1960
2981
1923
1924
1942
2982
1925
1943
1962
2983
1925
1926
1944
2984
1927
1945
1964
2985
1927
1928
1946
2986
1929
1947
1966
2987
1929
1930
1948
2988
1931
1949
1968
2989
1931
1932
1950
2990
1933
1951
1970
2991
1933
1934
1952
2992
1935
1953
1972
2993
1935
1936
1954
2994
1937
1955
1974
2995
1937
1938
1956
2996
1939
1957
1976
2997
1939
1958
2998
1959
1978
2999
1941
1942
1943
1980
1943
1944
1945
1982
1945
1946
1947
1984
1947
1948
1949
1986
1949
1950
1951
1988
1951
1952
1953
1990
1953
1954
1955
1992
1955
1956
1957
1994
1957
1958
1959
1996
1959
1998
1961
1962
1980
3020
1963
1981
2000
3021
1963
1964
1982
3022
1965
1983
2002
3023
1965
1966
1984
3024
1967
1985
2004
3025
1967
1968
1986
3026
1969
1987
2006
3027
1969
1970
1988
3028
1971
1989
2008
3029
1971
1972
1990
3030
1973
1991
2010
3031
1973
1974
1992
3032
1975
1993
2012
3033
1975
1976
1994
3034
1977
1995
2014
3035
1977
1978
1996
3036
1979
1997
2016
3037
1979
1998
3038
1999
2018
3039
1981
1982
1983
2020
1983
1984
1985
2022
1985
1986
1987
2024
1987
1988
1989
2026
1989
1990
1991
2028
1991
1992
1993
2030
1993
1994
1995
2032
1995
1996
1997
2034
1997
1998
1999
2036
1999
2038
2001
2002
2020
3060
2003
2021
2040
3061
2003
2004
2022
3062
2005
2023
2042
3063
2005
2006
2024
3064
2007
2025
2044
3065
2007
2008
2026
3066
2009
2027
2046
3067
2009
2010
2028
3068
2011
2029
2048
3069
2011
2012
2030
3070
2013
2031
2050
3071
2013
2014
2032
3072
2015
2033
2052
3073
2015
2016
2034
3074
2017
2035
2054
3075
2017
2018
2036
3076
2019
2037
2056
3077
2019
2038
3078
2039
2058
3079
2021
2022
2023
2060
2023
2024
2025
2062
2025
2026
2027
2064
2027
2028
2029
2066
2029
2030
2031
2068
2031
2032
2033
2070
2033
2034
2035
2072
2035
2036
2037
2074
2037
2038
2039
2076
2039
2078
2041
2042
2060
3100
2043
2061
3101
2043
2044
2062
3102
2045
2063
3103
2045
2046
2064
3104
2047
2065
3105
2047
2048
2066
3106
2049
2067
3107
2049
2050
2068
3108
2051
2069
3109
2051
2052
2070
3110
2053
2071
3111
2053
2054
2072
3112
2055
2073
3113
2055
2056
2074
3114
2057
2075
3115
2057
2058
2076
3116
2059
2077
3117
2059
2078
3118
2079
3119
2061
2062
2063
2063
2064
2065
2065
2066
2067
2067
2068
2069
2069
2070
2071
2071
2072
2073
2073
2074
2075
2075
2076
2077
2077
2078
2079
2079
2081
2082
2100
3140
2083
2101
2120
3141
2083
2084
2102
3142
2085
2103
2122
3143
2085
2086
2104
3144
2087
2105
2124
3145
2087
2088
2106
3146
2089
2107
2126
3147
2089
2090
2108
3148
2091
2109
2128
3149
2091
2092
2110
3150
2093
2111
2130
3151
2093
2094
2112
3152
2095
2113
2132
3153
2095
2096
2114
3154
2097
2115
2134
3155
2097
2098
2116
3156
2099
2117
2136
3157
2099
2118
3158
2119
2138
3159
2101
2102
2103
2140
2103
2104
2105
2142
2105
2106
2107
2144
2107
2108
2109
2146
2109
2110
2111
2148
2111
2112
2113
2150
2113
2114
2115
2152
2115
2116
2117
2154
2117
2118
2119
2156
2119
2158
2121
2122
2140
3180
2123
2141
2160
3181
2123
2124
2142
3182
2125
2143
2162
3183
2125
2126
2144
3184
2127
2145
2164
3185
2127
2128
2146
3186
2129
2147
2166
3187
2129
2130
2148
3188
2131
2149
2168
3189
2131
2132
2150
3190
2133
2151
2170
3191
2133
2134
2152
3192
2135
2153
2172
3193
2135
2136
2154
3194
2137
2155
2174
3195
2137
2138
2156
3196
2139
2157
2176
3197
2139
2158
3198
2159
2178
3199
2141
2142
2143
2180
2143
2144
2145
2182
2145
2146
2147
2184
2147
2148
2149
2186
2149
2150
2151
2188
2151
2152
2153
2190
2153
2154
2155
2192
2155
2156
2157
2194
2157
2158
2159
2196
2159
2198
2161
2162
2180
3220
2163
2181
2200
3221
2163
2164
2182
3222
2165
2183
2202
3223
2165
2166
2184
3224
2167
2185
2204
3225
2167
2168
2186
3226
2169
2187
2206
3227
2169
2170
2188
3228
2171
2189
2208
3229
2171
2172
2190
3230
2173
2191
2210
3231
2173
2174
2192
3232
2175
2193
2212
3233
2175
2176
2194
3234
2177
2195
2214
3235
2177
2178
2196
3236
2179
2197
2216
3237
2179
2198
3238
2199
2218
3239
2181
2182
2183
2220
2183
2184
2185
2222
2185
2186
2187
2224
2187
2188
2189
2226
2189
2190
2191
2228
2191
2192
2193
2230
2193
2194
2195
2232
2195
2196
2197
2234
2197
2198
2199
2236
2199
2238
2201
2202
2220
3260
2203
2221
2240
3261
2203
2204
2222
3262
2205
2223
2242
3263
2205
2206
2224
3264
2207
2225
2244
3265
2207
2208
2226
3266
2209
2227
2246
3267
2209
2210
2228
3268
2211
2229
2248
3269
2211
2212
2230
3270
2213
2231
2250
3271
2213
2214
2232
3272
2215
2233
2252
3273
2215
2216
2234
3274
2217
2235
2254
3275
2217
2218
2236
3276
2219
2237
2256
3277
2219
2238
3278
2239
2258
3279
2221
2222
2223
2260
2223
2224
2225
2262
2225
2226
2227
2264
2227
2228
2229
2266
2229
2230
2231
2268
2231
2232
2233
2270
2233
2234
2235
2272
2235
2236
2237
2274
2237
2238
2239
2276
2239
2278
2241
2242
2260
3300
2243
2261
2280
3301
2243
2244
2262
3302
2245
2263
2282
3303
2245
2246
2264
3304
2247
2265
2284
3305
2247
2248
2266
3306
2249
2267
2286
3307
2249
2250
2268
3308
2251
2269
2288
3309
2251
2252
2270
3310
2253
2271
2290
3311
2253
2254
2272
3312
2255
2273
2292
3313
2255
2256
2274
3314
2257
2275
2294
3315
2257
2258
2276
3316
2259
2277
2296
3317
2259
2278
3318
2279
2298
3319
2261
2262
2263
2300
2263
2264
2265
2302
2265
2266
2267
2304
2267
2268
2269
2306
2269
2270
2271
2308
2271
2272
2273
2310
2273
2274
2275
2312
2275
2276
2277
2314
2277
2278
2279
2316
2279
2318
2281
2282
2300
3340
2283
2301
2320
3341
2283
2284
2302
3342
2285
2303
2322
3343
2285
2286
2304
3344
2287
2305
2324
3345
2287
2288
2306
3346
2289
2307
2326
3347
2289
2290
2308
3348
2291
2309
2328
3349
2291
2292
2310
3350
2293
2311
2330
3351
2293
2294
2312
3352
2295
2313
2332
3353
2295
2296
2314
3354
2297
2315
2334
3355
2297
2298
2316
3356
2299
2317
2336
3357
2299
2318
3358
2319
2338
3359
2301
2302
2303
2340
2303
2304
2305
2342
2305
2306
2307
2344
2307
2308
2309
2346
2309
2310
2311
2348
2311
2312
2313
2350
2313
2314
2315
2352
2315
2316
2317
2354
2317
2318
2319
2356
2319
2358
2321
2322
2340
3380
2323
2341
2360
3381
2323
2324
2342
3382
2325
2343
2362
3383
2325
2326
2344
3384
2327
2345
2364
3385
2327
2328
2346
3386
2329
2347
2366
3387
2329
2330
2348
3388
2331
2349
2368
3389
2331
2332
2350
3390
2333
2351
2370
3391
2333
2334
2352
3392
2335
2353
2372
3393
2335
2336
2354
3394
2337
2355
2374
3395
2337
2338
2356
3396
2339
2357
2376
3397
2339
2358
3398
2359
2378
3399
2341
2342
2343
2380
2343
2344
2345
2382
2345
2346
2347
2384
2347
2348
2349
2386
2349
2350
2351
2388
2351
2352
2353
2390
2353
2354
2355
2392
2355
2356
2357
2394
2357
2358
2359
2396
2359
2398
2361
2362
2380
3420
2363
2381
2400
3421
2363
2364
2382
3422
2365
2383
2402
3423
2365
2366
2384
3424
2367
2385
2404
3425
2367
2368
2386
3426
2369
2387
2406
3427
2369
2370
2388
3428
2371
2389
2408
3429
2371
2372
2390
3430
2373
2391
2410
3431
2373
2374
2392
3432
2375
2393
2412
3433
2375
2376
2394
3434
2377
2395
2414
3435
2377
2378
2396
3436
2379
2397
2416
3437
2379
2398
3438
2399
2418
3439
2381
2382
2383
2420
2383
2384
2385
2422
2385
2386
2387
2424
2387
2388
2389
2426
2389
2390
2391
2428
2391
2392
2393
2430
2393
2394
2395
2432
2395
2396
2397
2434
2397
2398
2399
2436
2399
2438
2401
2402
2420
3460
2403
2421
2440
3461
2403
2404
2422
3462
2405
2423
2442
3463
2405
2406
2424
3464
2407
2425
2444
3465
2407
2408
2426
3466
2409
2427
2446
3467
2409
2410
2428
3468
2411
2429
2448
3469
2411
2412
2430
3470
2413
2431
2450
3471
2413
2414
2432
3472
2415
2433
2452
3473
2415
2416
2434
3474
2417
2435
2454
3475
2417
2418
2436
3476
2419
2437
2456
3477
2419
2438
3478
2439
2458
3479
2421
2422
2423
2460
2423
2424
2425
2462
2425
2426
2427
2464
2427
2428
2429
2466
2429
2430
2431
2468
2431
2432
2433
2470
2433
2434
2435
2472
2435
2436
2437
2474
2437
2438
2439
2476
2439
2478
2441
2442
2460
3500
2443
2461
2480
3501
2443
2444
2462
3502
2445
2463
2482
3503
2445
2446
2464
3504
2447
2465
2484
3505
2447
2448
2466
3506
2449
2467
2486
3507
2449
2450
2468
3508
2451
2469
2488
3509
2451
2452
2470
3510
2453
2471
2490
3511
2453
2454
2472
3512
2455
2473
2492
3513
2455
2456
2474
3514
2457
2475
2494
3515
2457
2458
2476
3516
2459
2477
2496
3517
2459
2478
3518
2479
2498
3519
2461
2462
2463
2500
2463
2464
2465
2502
2465
2466
2467
2504
2467
2468
2469
2506
2469
2470
2471
2508
2471
2472
2473
2510
2473
2474
2475
2512
2475
2476
2477
2514
2477
2478
2479
2516
2479
2518
2481
2482
2500
3540
2483
2501
2520
3541
2483
2484
2502
3542
2485
2503
2522
3543
2485
2486
2504
3544
2487
2505
2524
3545
2487
2488
2506
3546
2489
2507
2526
3547
2489
2490
2508
3548
2491
2509
2528
3549
2491
2492
2510
3550
2493
2511
2530
3551
2493
2494
2512
3552
2495
2513
2532
3553
2495
2496
2514
3554
2497
2515
2534
3555
2497
2498
2516
3556
2499
2517
2536
3557
2499
2518
3558
2519
2538
3559
2501
2502
2503
2540
2503
2504
2505
2542
2505
2506
2507
2544
2507
2508
2509
2546
2509
2510
2511
2548
2511
2512
2513
2550
2513
2514
2515
2552
2515
2516
2517
2554
2517
2518
2519
2556
2519
2558
2521
2522
2540
3580
2523
2541
2560
3581
2523
2524
2542
3582
2525
2543
2562
3583
2525
2526
2544
3584
2527
2545
2564
3585
2527
2528
2546
3586
2529
2547
2566
3587
2529
2530
2548
3588
2531
2549
2568
3589
2531
2532
2550
3590
2533
2551
2570
3591
2533
2534
2552
3592
2535
2553
2572
3593
2535
2536
2554
3594
2537
2555
2574
3595
2537
2538
2556
3596
2539
2557
2576
3597
2539
2558
3598
2559
2578
3599
2541
2542
2543
2580
2543
2544
2545
2582
2545
2546
2547
2584
2547
2548
2549
2586
2549
2550
2551
2588
2551
2552
2553
2590
2553
2554
2555
2592
2555
2556
2557
2594
2557
2558
2559
2596
2559
2598
2561
2562
2580
3620
2563
2581
2600
3621
2563
2564
2582
3622
2565
2583
2602
3623
2565
2566
2584
3624
2567
2585
2604
3625
2567
2568
2586
3626
2569
2587
2606
3627
2569
2570
2588
3628
2571
2589
2608
3629
2571
2572
2590
3630
2573
2591
2610
3631
2573
2574
2592
3632
2575
2593
2612
3633
2575
2576
2594
3634
2577
2595
2614
3635
2577
2578
2596
3636
2579
2597
2616
3637
2579
2598
3638
2599
2618
3639
2581
2582
2583
2620
2583
2584
2585
2622
2585
2586
2587
2624
2587
2588
2589
2626
2589
2590
2591
2628
2591
2592
2593
2630
2593
2594
2595
2632
2595
2596
2597
2634
2597
2598
2599
2636
2599
2638
2601
2602
2620
3660
2603
2621
2640
3661
2603
2604
2622
3662
2605
2623
2642
3663
2605
2606
2624
3664
2607
2625
2644
3665
2607
2608
2626
3666
2609
2627
2646
3667
2609
2610
2628
3668
2611
2629
2648
3669
2611
2612
2630
3670
2613
2631
2650
3671
2613
2614
2632
3672
2615
2633
2652
3673
2615
2616
2634
3674
2617
2635
2654
3675
2617
2618
2636
3676
2619
2637
2656
3677
2619
2638
3678
2639
2658
3679
2621
2622
2623
2660
2623
2624
2625
2662
2625
2626
2627
2664
2627
2628
2629
2666
2629
2630
2631
2668
2631
2632
2633
2670
2633
2634
2635
2672
2635
2636
2637
2674
2637
2638
2639
2676
2639
2678
2641
2642
2660
3700
2643
2661
2680
3701
2643
2644
2662
3702
2645
2663
2682
3703
2645
2646
2664
3704
2647
2665
2684
3705
2647
2648
2666
3706
2649
2667
2686
3707
2649
2650
2668
3708
2651
2669
2688
3709
2651
2652
2670
3710
2653
2671
2690
3711
2653
2654
2672
3712
2655
2673
2692
3713
2655
2656
2674
3714
2657
2675
2694
3715
2657
2658
2676
3716
2659
2677
2696
3717
2659
2678
3718
2679
2698
3719
2661
2662
2663
2700
2663
2664
2665
2702
2665
2666
2667
2704
2667
2668
2669
2706
2669
2670
2671
2708
2671
2672
2673
2710
2673
2674
2675
2712
2675
2676
2677
2714
2677
2678
2679
2716
2679
2718
2681
2682
2700
3740
2683
2701
2720
3741
2683
2684
2702
3742
2685
2703
2722
3743
2685
2686
2704
3744
2687
2705
2724
3745
2687
2688
2706
3746
2689
2707
2726
3747
2689
2690
2708
3748
2691
2709
2728
3749
2691
2692
2710
3750
2693
2711
2730
3751
2693
2694
2712
3752
2695
2713
2732
3753
2695
2696
2714
3754
2697
2715
2734
3755
2697
2698
2716
3756
2699
2717
2736
3757
2699
2718
3758
2719
2738
3759
2701
2702
2703
2740
2703
2704
2705
2742
2705
2706
2707
2744
2707
2708
2709
2746
2709
2710
2711
2748
2711
2712
2713
2750
2713
2714
2715
2752
2715
2716
2717
2754
2717
2718
2719
2756
2719
2758
2721
2722
2740
3780
2723
2741
2760
3781
2723
2724
2742
3782
2725
2743
2762
3783
2725
2726
2744
3784
2727
2745
2764
3785
2727
2728
2746
3786
2729
2747
2766
3787
2729
2730
2748
3788
2731
2749
2768
3789
2731
2732
2750
3790
2733
2751
2770
3791
2733
2734
2752
3792
2735
2753
2772
3793
2735
2736
2754
3794
2737
2755
2774
3795
2737
2738
2756
3796
2739
2757
2776
3797
2739
2758
3798
2759
2778
3799
2741
2742
2743
2780
2743
2744
2745
2782
2745
2746
2747
2784
2747
2748
2749
2786
2749
2750
2751
2788
2751
2752
2753
2790
2753
2754
2755
2792
2755
2756
2757
2794
2757
2758
2759
2796
2759
2798
2761
2762
2780
3820
2763
2781
2800
3821
2763
2764
2782
3822
2765
2783
2802
3823
2765
2766
2784
3824
2767
2785
2804
3825
2767
2768
2786
3826
2769
2787
2806
3827
2769
2770
2788
3828
2771
2789
2808
3829
2771
2772
2790
3830
2773
2791
2810
3831
2773
2774
2792
3832
2775
2793
2812
3833
2775
2776
2794
3834
2777
2795
2814
3835
2777
2778
2796
3836
2779
2797
2816
3837
2779
2798
3838
2799
2818
3839
2781
2782
2783
2820
2783
2784
2785
2822
2785
2786
2787
2824
2787
2788
2789
2826
2789
2790
2791
2828
2791
2792
2793
2830
2793
2794
2795
2832
2795
2796
2797
2834
2797
2798
2799
2836
2799
2838
2801
2802
2820
3860
2803
2821
2840
3861
2803
2804
2822
3862
2805
2823
2842
3863
2805
2806
2824
3864
2807
2825
2844
3865
2807
2808
2826
3866
2809
2827
2846
3867
2809
2810
2828
3868
2811
2829
2848
3869
2811
2812
2830
3870
2813
2831
2850
3871
2813
2814
2832
3872
2815
2833
2852
3873
2815
2816
2834
3874
2817
2835
2854
3875
2817
2818
2836
3876
2819
2837
2856
3877
2819
2838
3878
2839
2858
3879
2821
2822
2823
2860
2823
2824
2825
2862
2825
2826
2827
2864
2827
2828
2829
2866
2829
2830
2831
2868
2831
2832
2833
2870
2833
2834
2835
2872
2835
2836
2837
2874
2837
2838
2839
2876
2839
2878
2841
2842
2860
3900
2843
2861
2880
3901
2843
2844
2862
3902
2845
2863
2882
3903
2845
2846
2864
3904
2847
2865
2884
3905
2847
2848
2866
3906
2849
2867
2886
3907
2849
2850
2868
3908
2851
2869
2888
3909
2851
2852
2870
3910
2853
2871
2890
3911
2853
2854
2872
3912
2855
2873
2892
3913
2855
2856
2874
3914
2857
2875
2894
3915
2857
2858
2876
3916
2859
2877
2896
3917
2859
2878
3918
2879
2898
3919
2861
2862
2863
2900
2863
2864
2865
2902
2865
2866
2867
2904
2867
2868
2869
2906
2869
2870
2871
2908
2871
2872
2873
2910
2873
2874
2875
2912
2875
2876
2877
2914
2877
2878
2879
2916
2879
2918
2881
2882
2900
3940
2883
2901
2920
3941
2883
2884
2902
3942
2885
2903
2922
3943
2885
2886
2904
3944
2887
2905
2924
3945
2887
2888
2906
3946
2889
2907
2926
3947
2889
2890
2908
3948
2891
2909
2928
3949
2891
2892
2910
3950
2893
2911
2930
3951
2893
2894
2912
3952
2895
2913
2932
3953
2895
2896
2914
3954
2897
2915
2934
3955
2897
2898
2916
3956
2899
2917
2936
3957
2899
2918
3958
2919
2938
3959
2901
2902
2903
2940
2903
2904
2905
2942
2905
2906
2907
2944
2907
2908
2909
2946
2909
2910
2911
2948
2911
2912
2913
2950
2913
2914
2915
2952
2915
2916
2917
2954
2917
2918
2919
2956
2919
2958
2921
2922
2940
3980
2923
2941
2960
3981
2923
2924
2942
3982
2925
2943
2962
3983
2925
2926
2944
3984
2927
2945
2964
3985
2927
2928
2946
3986
2929
2947
2966
3987
2929
2930
2948
3988
2931
2949
2968
3989
2931
2932
2950
3990
2933
2951
2970
3991
2933
2934
2952
3992
2935
2953
2972
3993
2935
2936
2954
3994
2937
2955
2974
3995
2937
2938
2956
3996
2939
2957
2976
3997
2939
2958
3998
2959
2978
3999
2941
2942
2943
2980
2943
2944
2945
2982
2945
2946
2947
2984
2947
2948
2949
2986
2949
2950
2951
2988
2951
2952
2953
2990
2953
2954
2955
2992
2955
2956
2957
2994
2957
2958
2959
2996
2959
2998
2961
2962
2980
4020
2963
2981
3000
4021
2963
2964
2982
4022
2965
2983
3002
4023
2965
2966
2984
4024
2967
2985
3004
4025
2967
2968
2986
4026
2969
2987
3006
4027
2969
2970
2988
4028
2971
2989
3008
4029
2971
2972
2990
4030
2973
2991
3010
4031
2973
2974
2992
4032
2975
2993
3012
4033
2975
2976
2994
4034
2977
2995
3014
4035
2977
2978
2996
4036
2979
2997
3016
4037
2979
2998
4038
2999
3018
4039
2981
2982
2983
3020
2983
2984
2985
3022
2985
2986
2987
3024
2987
2988
2989
3026
2989
2990
2991
3028
2991
2992
2993
3030
2993
2994
2995
3032
2995
2996
2997
3034
2997
2998
2999
3036
2999
3038
3001
3002
3020
4060
3003
3021
3040
4061
3003
3004
3022
4062
3005
3023
3042
4063
3005
3006
3024
4064
3007
3025
3044
4065
3007
3008
3026
4066
3009
3027
3046
4067
3009
3010
3028
4068
3011
3029
3048
4069
3011
3012
3030
4070
3013
3031
3050
4071
3013
3014
3032
4072
3015
3033
3052
4073
3015
3016
3034
4074
3017
3035
3054
4075
3017
3018
3036
4076
3019
3037
3056
4077
3019
3038
4078
3039
3058
4079
3021
3022
3023
3060
3023
3024
3025
3062
3025
3026
3027
3064
3027
3028
3029
3066
3029
3030
3031
3068
3031
3032
3033
3070
3033
3034
3035
3072
3035
3036
3037
3074
3037
3038
3039
3076
3039
3078
3041
3042
3060
4100
3043
3061
3080
4101
3043
3044
3062
4102
3045
3063
3082
4103
3045
3046
3064
4104
3047
3065
3084
4105
3047
3048
3066
4106
3049
3067
3086
4107
3049
3050
3068
4108
3051
3069
3088
4109
3051
3052
3070
4110
3053
3071
3090
4111
3053
3054
3072
4112
3055
3073
3092
4113
3055
3056
3074
4114
3057
3075
3094
4115
3057
3058
3076
4116
3059
3077
3096
4117
3059
3078
4118
3079
3098
4119
3061
3062
3063
3100
3063
3064
3065
3102
3065
3066
3067
3104
3067
3068
3069
3106
3069
3070
3071
3108
3071
3072
3073
3110
3073
3074
3075
3112
3075
3076
3077
3114
3077
3078
3079
3116
3079
3118
3081
3082
3100
4140
3083
3101
4141
3083
3084
3102
4142
3085
3103
4143
3085
3086
3104
4144
3087
3105
4145
3087
3088
3106
4146
3089
3107
4147
3089
3090
3108
4148
3091
3109
4149
3091
3092
3110
4150
3093
3111
4151
3093
3094
3112
4152
3095
3113
4153
3095
3096
3114
4154
3097
3115
4155
3097
3098
3116
4156
3099
3117
4157
3099
3118
4158
3119
4159
3101
3102
3103
3103
3104
3105
3105
3106
3107
3107
3108
3109
3109
3110
3111
3111
3112
3113
3113
3114
3115
3115
3116
3117
3117
3118
3119
3119
3121
3122
3140
4180
3123
3141
3160
4181
3123
3124
3142
4182
3125
3143
3162
4183
3125
3126
3144
4184
3127
3145
3164
4185
3127
3128
3146
4186
3129
3147
3166
4187
3129
3130
3148
4188
3131
3149
3168
4189
3131
3132
3150
4190
3133
3151
3170
4191
3133
3134
3152
4192
3135
3153
3172
4193
3135
3136
3154
4194
3137
3155
3174
4195
3137
3138
3156
4196
3139
3157
3176
4197
3139
3158
4198
3159
3178
4199
3141
3142
3143
3180
3143
3144
3145
3182
3145
3146
3147
3184
3147
3148
3149
3186
3149
3150
3151
3188
3151
3152
3153
3190
3153
3154
3155
3192
3155
3156
3157
3194
3157
3158
3159
3196
3159
3198
3161
3162
3180
4220
3163
3181
3200
4221
3163
3164
3182
4222
3165
3183
3202
4223
3165
3166
3184
4224
3167
3185
3204
4225
3167
3168
3186
4226
3169
3187
3206
4227
3169
3170
3188
4228
3171
3189
3208
4229
3171
3172
3190
4230
3173
3191
3210
4231
3173
3174
3192
4232
3175
3193
3212
4233
3175
3176
3194
4234
3177
3195
3214
4235
3177
3178
3196
4236
3179
3197
3216
4237
3179
3198
4238
3199
3218
4239
3181
3182
3183
3220
3183
3184
3185
3222
3185
3186
3187
3224
3187
3188
3189
3226
3189
3190
3191
3228
3191
3192
3193
3230
3193
3194
3195
3232
3195
3196
3197
3234
3197
3198
3199
3236
3199
3238
3201
3202
3220
4260
3203
3221
3240
4261
3203
3204
3222
4262
3205
3223
3242
4263
3205
3206
3224
4264
3207
3225
3244
4265
3207
3208
3226
4266
3209
3227
3246
4267
3209
3210
3228
4268
3211
3229
3248
4269
3211
3212
3230
4270
3213
3231
3250
4271
3213
3214
3232
4272
3215
3233
3252
4273
3215
3216
3234
4274
3217
3235
3254
4275
3217
3218
3236
4276
3219
3237
3256
4277
3219
3238
4278
3239
3258
4279
3221
3222
3223
3260
3223
3224
3225
3262
3225
3226
3227
3264
3227
3228
3229
3266
3229
3230
3231
3268
3231
3232
3233
3270
3233
3234
3235
3272
3235
3236
3237
3274
3237
3238
3239
3276
3239
3278
3241
3242
3260
4300
3243
3261
3280
4301
3243
3244
3262
4302
3245
3263
3282
4303
3245
3246
3264
4304
3247
3265
3284
4305
3247
3248
3266
4306
3249
3267
3286
4307
3249
3250
3268
4308
3251
3269
3288
4309
3251
3252
3270
4310
3253
3271
3290
4311
3253
3254
3272
4312
3255
3273
3292
4313
3255
3256
3274
4314
3257
3275
3294
4315
3257
3258
3276
4316
3259
3277
3296
4317
3259
3278
4318
3279
3298
4319
3261
3262
3263
3300
3263
3264
3265
3302
3265
3266
3267
3304
3267
3268
3269
3306
3269
3270
3271
3308
3271
3272
3273
3310
3273
3274
3275
3312
3275
3276
3277
3314
3277
3278
3279
3316
3279
3318
3281
3282
3300
4340
3283
3301
3320
4341
3283
3284
3302
4342
3285
3303
3322
4343
3285
3286
3304
4344
3287
3305
3324
4345
3287
3288
3306
4346
3289
3307
3326
4347
3289
3290
3308
4348
3291
3309
3328
4349
3291
3292
3310
4350
3293
3311
3330
4351
3293
3294
3312
4352
3295
3313
3332
4353
3295
3296
3314
4354
3297
3315
3334
4355
3297
3298
3316
4356
3299
3317
3336
4357
3299
3318
4358
3319
3338
4359
3301
3302
3303
3340
3303
3304
3305
3342
3305
3306
3307
3344
3307
3308
3309
3346
3309
3310
3311
3348
3311
3312
3313
3350
3313
3314
3315
3352
3315
3316
3317
3354
3317
3318
3319
3356
3319
3358
3321
3322
3340
4380
3323
3341
3360
4381
3323
3324
3342
4382
3325
3343
3362
4383
3325
3326
3344
4384
3327
3345
3364
4385
3327
3328
3346
4386
3329
3347
3366
4387
3329
3330
3348
4388
3331
3349
3368
4389
3331
3332
3350
4390
3333
3351
3370
4391
3333
3334
3352
4392
3335
3353
3372
4393
3335
3336
3354
4394
3337
3355
3374
4395
3337
3338
3356
4396
3339
3357
3376
4397
3339
3358
4398
3359
3378
4399
3341
3342
3343
3380
3343
3344
3345
3382
3345
3346
3347
3384
3347
3348
3349
3386
3349
3350
3351
3388
3351
3352
3353
3390
3353
3354
3355
3392
3355
3356
3357
3394
3357
3358
3359
3396
3359
3398
3361
3362
3380
4420
3363
3381
3400
4421
3363
3364
3382
4422
3365
3383
3402
4423
3365
3366
3384
4424
3367
3385
3404
4425
3367
3368
3386
4426
3369
3387
3406
4427
3369
3370
3388
4428
3371
3389
3408
4429
3371
3372
3390
4430
3373
3391
3410
4431
3373
3374
3392
4432
3375
3393
3412
4433
3375
3376
3394
4434
3377
3395
3414
4435
3377
3378
3396
4436
3379
3397
3416
4437
3379
3398
4438
3399
3418
4439
3381
3382
3383
3420
3383
3384
3385
3422
3385
3386
3387
3424
3387
3388
3389
3426
3389
3390
3391
3428
3391
3392
3393
3430
3393
3394
3395
3432
3395
3396
3397
3434
3397
3398
3399
3436
3399
3438
3401
3402
3420
4460
3403
3421
3440
4461
3403
3404
3422
4462
3405
3423
3442
4463
3405
3406
3424
4464
3407
3425
3444
4465
3407
3408
3426
4466
3409
3427
3446
4467
3409
3410
3428
4468
3411
3429
3448
4469
3411
3412
3430
4470
3413
3431
3450
4471
3413
3414
3432
4472
3415
3433
3452
4473
3415
3416
3434
4474
3417
3435
3454
4475
3417
3418
3436
4476
3419
3437
3456
4477
3419
3438
4478
3439
3458
4479
3421
3422
3423
3460
3423
3424
3425
3462
3425
3426
3427
3464
3427
3428
3429
3466
3429
3430
3431
3468
3431
3432
3433
3470
3433
3434
3435
3472
3435
3436
3437
3474
3437
3438
3439
3476
3439
3478
3441
3442
3460
4500
3443
3461
3480
4501
3443
3444
3462
4502
3445
3463
3482
4503
3445
3446
3464
4504
3447
3465
3484
4505
3447
3448
3466
4506
3449
3467
3486
4507
3449
3450
3468
4508
3451
3469
3488
4509
3451
3452
3470
4510
3453
3471
3490
4511
3453
3454
3472
4512
3455
3473
3492
4513
3455
3456
3474
4514
3457
3475
3494
4515
3457
3458
3476
4516
3459
3477
3496
4517
3459
3478
4518
3479
3498
4519
3461
3462
3463
3500
3463
3464
3465
3502
3465
3466
3467
3504
3467
3468
3469
3506
3469
3470
3471
3508
3471
3472
3473
3510
3473
3474
3475
3512
3475
3476
3477
3514
3477
3478
3479
3516
3479
3518
3481
3482
3500
4540
3483
3501
3520
4541
3483
3484
3502
4542
3485
3503
3522
4543
3485
3486
3504
4544
3487
3505
3524
4545
3487
3488
3506
4546
3489
3507
3526
4547
3489
3490
3508
4548
3491
3509
3528
4549
3491
3492
3510
4550
3493
3511
3530
4551
3493
3494
3512
4552
3495
3513
3532
4553
3495
3496
3514
4554
3497
3515
3534
4555
3497
3498
3516
4556
3499
3517
3536
4557
3499
3518
4558
3519
3538
4559
3501
3502
3503
3540
3503
3504
3505
3542
3505
3506
3507
3544
3507
3508
3509
3546
3509
3510
3511
3548
3511
3512
3513
3550
3513
3514
3515
3552
3515
3516
3517
3554
3517
3518
3519
3556
3519
3558
3521
3522
3540
4580
3523
3541
3560
4581
3523
3524
3542
4582
3525
3543
3562
4583
3525
3526
3544
4584
3527
3545
3564
4585
3527
3528
3546
4586
3529
3547
3566
4587
3529
3530
3548
4588
3531
3549
3568
4589
3531
3532
3550
4590
3533
3551
3570
4591
3533
3534
3552
4592
3535
3553
3572
4593
3535
3536
3554
4594
3537
3555
3574
4595
3537
3538
3556
4596
3539
3557
3576
4597
3539
3558
4598
3559
3578
4599
3541
3542
3543
3580
3543
3544
3545
3582
3545
3546
3547
3584
3547
3548
3549
3586
3549
3550
3551
3588
3551
3552
3553
3590
3553
3554
3555
3592
3555
3556
3557
3594
3557
3558
3559
3596
3559
3598
3561
3562
3580
4620
3563
3581
3600
4621
3563
3564
3582
4622
3565
3583
3602
4623
3565
3566
3584
4624
3567
3585
3604
4625
3567
3568
3586
4626
3569
3587
3606
4627
3569
3570
3588
4628
3571
3589
3608
4629
3571
3572
3590
4630
3573
3591
3610
4631
3573
3574
3592
4632
3575
3593
3612
4633
3575
3576
3594
4634
3577
3595
3614
4635
3577
3578
3596
4636
3579
3597
3616
4637
3579
3598
4638
3599
3618
4639
3581
3582
3583
3620
3583
3584
3585
3622
3585
3586
3587
3624
3587
3588
3589
3626
3589
3590
3591
3628
3591
3592
3593
3630
3593
3594
3595
3632
3595
3596
3597
3634
3597
3598
3599
3636
3599
3638
3601
3602
3620
4660
3603
3621
3640
4661
3603
3604
3622
4662
3605
3623
3642
4663
3605
3606
3624
4664
3607
3625
3644
4665
3607
3608
3626
4666
3609
3627
3646
4667
3609
3610
3628
4668
3611
3629
3648
4669
3611
3612
3630
4670
3613
3631
3650
4671
3613
3614
3632
4672
3615
3633
3652
4673
3615
3616
3634
4674
3617
3635
3654
4675
3617
3618
3636
4676
3619
3637
3656
4677
3619
3638
4678
3639
3658
4679
3621
3622
3623
3660
3623
3624
3625
3662
3625
3626
3627
3664
3627
3628
3629
3666
3629
3630
3631
3668
3631
3632
3633
3670
3633
3634
3635
3672
3635
3636
3637
3674
3637
3638
3639
3676
3639
3678
3641
3642
3660
4700
3643
3661
3680
4701
3643
3644
3662
4702
3645
3663
3682
4703
3645
3646
3664
4704
3647
3665
3684
4705
3647
3648
3666
4706
3649
3667
3686
4707
3649
3650
3668
4708
3651
3669
3688
4709
3651
3652
3670
4710
3653
3671
3690
4711
3653
3654
3672
4712
3655
3673
3692
4713
3655
3656
3674
4714
3657
3675
3694
4715
3657
3658
3676
4716
3659
3677
3696
4717
3659
3678
4718
3679
3698
4719
3661
3662
3663
3700
3663
3664
3665
3702
3665
3666
3667
3704
3667
3668
3669
3706
3669
3670
3671
3708
3671
3672
3673
3710
3673
3674
3675
3712
3675
3676
3677
3714
3677
3678
3679
3716
3679
3718
3681
3682
3700
4740
3683
3701
3720
4741
3683
3684
3702
4742
3685
3703
3722
4743
3685
3686
3704
4744
3687
3705
3724
4745
3687
3688
3706
4746
3689
3707
3726
4747
3689
3690
3708
4748
3691
3709
3728
4749
3691
3692
3710
4750
3693
3711
3730
4751
3693
3694
3712
4752
3695
3713
3732
4753
3695
3696
3714
4754
3697
3715
3734
4755
3697
3698
3716
4756
3699
3717
3736
4757
3699
3718
4758
3719
3738
4759
3701
3702
3703
3740
3703
3704
3705
3742
3705
3706
3707
3744
3707
3708
3709
3746
3709
3710
3711
3748
3711
3712
3713
3750
3713
3714
3715
3752
3715
3716
3717
3754
3717
3718
3719
3756
3719
3758
3721
3722
3740
4780
3723
3741
3760
4781
3723
3724
3742
4782
3725
3743
3762
4783
3725
3726
3744
4784
3727
3745
3764
4785
3727
3728
3746
4786
3729
3747
3766
4787
3729
3730
3748
4788
3731
3749
3768
4789
3731
3732
3750
4790
3733
3751
3770
4791
3733
3734
3752
4792
3735
3753
3772
4793
3735
3736
3754
4794
3737
3755
3774
4795
3737
3738
3756
4796
3739
3757
3776
4797
3739
3758
4798
3759
3778
4799
3741
3742
3743
3780
3743
3744
3745
3782
3745
3746
3747
3784
3747
3748
3749
3786
3749
3750
3751
3788
3751
3752
3753
3790
3753
3754
3755
3792
3755
3756
3757
3794
3757
3758
3759
3796
3759
3798
3761
3762
3780
4820
3763
3781
3800
4821
3763
3764
3782
4822
3765
3783
3802
4823
3765
3766
3784
4824
3767
3785
3804
4825
3767
3768
3786
4826
3769
3787
3806
4827
3769
3770
3788
4828
3771
3789
3808
4829
3771
3772
3790
4830
3773
3791
3810
4831
3773
3774
3792
4832
3775
3793
3812
4833
3775
3776
3794
4834
3777
3795
3814
4835
3777
3778
3796
4836
3779
3797
3816
4837
3779
3798
4838
3799
3818
4839
3781
3782
3783
3820
3783
3784
3785
3822
3785
3786
3787
3824
3787
3788
3789
3826
3789
3790
3791
3828
3791
3792
3793
3830
3793
3794
3795
3832
3795
3796
3797
3834
3797
3798
3799
3836
3799
3838
3801
3802
3820
4860
3803
3821
3840
4861
3803
3804
3822
4862
3805
3823
3842
4863
3805
3806
3824
4864
3807
3825
3844
4865
3807
3808
3826
4866
3809
3827
3846
4867
3809
3810
3828
4868
3811
3829
3848
4869
3811
3812
3830
4870
3813
3831
3850
4871
3813
3814
3832
4872
3815
3833
3852
4873
3815
3816
3834
4874
3817
3835
3854
4875
3817
3818
3836
4876
3819
3837
3856
4877
3819
3838
4878
3839
3858
4879
3821
3822
3823
3860
3823
3824
3825
3862
3825
3826
3827
3864
3827
3828
3829
3866
3829
3830
3831
3868
3831
3832
3833
3870
3833
3834
3835
3872
3835
3836
3837
3874
3837
3838
3839
3876
3839
3878
3841
3842
3860
4900
3843
3861
3880
4901
3843
3844
3862
4902
3845
3863
3882
4903
3845
3846
3864
4904
3847
3865
3884
4905
3847
3848
3866
4906
3849
3867
3886
4907
3849
3850
3868
4908
3851
3869
3888
4909
3851
3852
3870
4910
3853
3871
3890
4911
3853
3854
3872
4912
3855
3873
3892
4913
3855
3856
3874
4914
3857
3875
3894
4915
3857
3858
3876
4916
3859
3877
3896
4917
3859
3878
4918
3879
3898
4919
3861
3862
3863
3900
3863
3864
3865
3902
3865
3866
3867
3904
3867
3868
3869
3906
3869
3870
3871
3908
3871
3872
3873
3910
3873
3874
3875
3912
3875
3876
3877
3914
3877
3878
3879
3916
3879
3918
3881
3882
3900
4940
3883
3901
3920
4941
3883
3884
3902
4942
3885
3903
3922
4943
3885
3886
3904
4944
3887
3905
3924
4945
3887
3888
3906
4946
3889
3907
3926
4947
3889
3890
3908
4948
3891
3909
3928
4949
3891
3892
3910
4950
3893
3911
3930
4951
3893
3894
3912
4952
3895
3913
3932
4953
3895
3896
3914
4954
3897
3915
3934
4955
3897
3898
3916
4956
3899
3917
3936
4957
3899
3918
4958
3919
3938
4959
3901
3902
3903
3940
3903
3904
3905
3942
3905
3906
3907
3944
3907
3908
3909
3946
3909
3910
3911
3948
3911
3912
3913
3950
3913
3914
3915
3952
3915
3916
3917
3954
3917
3918
3919
3956
3919
3958
3921
3922
3940
4980
3923
3941
3960
4981
3923
3924
3942
4982
3925
3943
3962
4983
3925
3926
3944
4984
3927
3945
3964
4985
3927
3928
3946
4986
3929
3947
3966
4987
3929
3930
3948
4988
3931
3949
3968
4989
3931
3932
3950
4990
3933
3951
3970
4991
3933
3934
3952
4992
3935
3953
3972
4993
3935
3936
3954
4994
3937
3955
3974
4995
3937
3938
3956
4996
3939
3957
3976
4997
3939
3958
4998
3959
3978
4999
3941
3942
3943
3980
3943
3944
3945
3982
3945
3946
3947
3984
3947
3948
3949
3986
3949
3950
3951
3988
3951
3952
3953
3990
3953
3954
3955
3992
3955
3956
3957
3994
3957
3958
3959
3996
3959
3998
3961
3962
3980
5020
3963
3981
4000
5021
3963
3964
3982
5022
3965
3983
4002
5023
3965
3966
3984
5024
3967
3985
4004
5025
3967
3968
3986
5026
3969
3987
4006
5027
3969
3970
3988
5028
3971
3989
4008
5029
3971
3972
3990
5030
3973
3991
4010
5031
3973
3974
3992
5032
3975
3993
4012
5033
3975
3976
3994
5034
3977
3995
4014
5035
3977
3978
3996
5036
3979
3997
4016
5037
3979
3998
5038
3999
4018
5039
3981
3982
3983
4020
3983
3984
3985
4022
3985
3986
3987
4024
3987
3988
3989
4026
3989
3990
3991
4028
3991
3992
3993
4030
3993
3994
3995
4032
3995
3996
3997
4034
3997
3998
3999
4036
3999
4038
4001
4002
4020
5060
4003
4021
4040
5061
4003
4004
4022
5062
4005
4023
4042
5063
4005
4006
4024
5064
4007
4025
4044
5065
4007
4008
4026
5066
4009
4027
4046
5067
4009
4010
4028
5068
4011
4029
4048
5069
4011
4012
4030
5070
4013
4031
4050
5071
4013
4014
4032
5072
4015
4033
4052
5073
4015
4016
4034
5074
4017
4035
4054
5075
4017
4018
4036
5076
4019
4037
4056
5077
4019
4038
5078
4039
4058
5079
4021
4022
4023
4060
4023
4024
4025
4062
4025
4026
4027
4064
4027
4028
4029
4066
4029
4030
4031
4068
4031
4032
4033
4070
4033
4034
4035
4072
4035
4036
4037
4074
4037
4038
4039
4076
4039
4078
4041
4042
4060
5100
4043
4061
4080
5101
4043
4044
4062
5102
4045
4063
4082
5103
4045
4046
4064
5104
4047
4065
4084
5105
4047
4048
4066
5106
4049
4067
4086
5107
4049
4050
4068
5108
4051
4069
4088
5109
4051
4052
4070
5110
4053
4071
4090
5111
4053
4054
4072
5112
4055
4073
4092
5113
4055
4056
4074
5114
4057
4075
4094
5115
4057
4058
4076
5116
4059
4077
4096
5117
4059
4078
5118
4079
4098
5119
4061
4062
4063
4100
4063
4064
4065
4102
4065
4066
4067
4104
4067
4068
4069
4106
4069
4070
4071
4108
4071
4072
4073
4110
4073
4074
4075
4112
4075
4076
4077
4114
4077
4078
4079
4116
4079
4118
4081
4082
4100
5140
4083
4101
4120
5141
4083
4084
4102
5142
4085
4103
4122
5143
4085
4086
4104
5144
4087
4105
4124
5145
4087
4088
4106
5146
4089
4107
4126
5147
4089
4090
4108
5148
4091
4109
4128
5149
4091
4092
4110
5150
4093
4111
4130
5151
4093
4094
4112
5152
4095
4113
4132
5153
4095
4096
4114
5154
4097
4115
4134
5155
4097
4098
4116
5156
4099
4117
4136
5157
4099
4118
5158
4119
4138
5159
4101
4102
4103
4140
4103
4104
4105
4142
4105
4106
4107
4144
4107
4108
4109
4146
4109
4110
4111
4148
4111
4112
4113
4150
4113
4114
4115
4152
4115
4116
4117
4154
4117
4118
4119
4156
4119
4158
4121
4122
4140
5180
4123
4141
5181
4123
4124
4142
5182
4125
4143
5183
4125
4126
4144
5184
4127
4145
5185
4127
4128
4146
5186
4129
4147
5187
4129
4130
4148
5188
4131
4149
5189
4131
4132
4150
5190
4133
4151
5191
4133
4134
4152
5192
4135
4153
5193
4135
4136
4154
5194
4137
4155
5195
4137
4138
4156
5196
4139
4157
5197
4139
4158
5198
4159
5199
4141
4142
4143
4143
4144
4145
4145
4146
4147
4147
4148
4149
4149
4150
4151
4151
4152
4153
4153
4154
4155
4155
4156
4157
4157
4158
4159
4159
4161
4162
4180
5220
4163
4181
4200
5221
4163
4164
4182
5222
4165
4183
4202
5223
4165
4166
4184
5224
4167
4185
4204
5225
4167
4168
4186
5226
4169
4187
4206
5227
4169
4170
4188
5228
4171
4189
4208
5229
4171
4172
4190
5230
4173
4191
4210
5231
4173
4174
4192
5232
4175
4193
4212
5233
4175
4176
4194
5234
4177
4195
4214
5235
4177
4178
4196
5236
4179
4197
4216
5237
4179
4198
5238
4199
4218
5239
4181
4182
4183
4220
4183
4184
4185
4222
4185
4186
4187
4224
4187
4188
4189
4226
4189
4190
4191
4228
4191
4192
4193
4230
4193
4194
4195
4232
4195
4196
4197
4234
4197
4198
4199
4236
4199
4238
4201
4202
4220
5260
4203
4221
4240
5261
4203
4204
4222
5262
4205
4223
4242
5263
4205
4206
4224
5264
4207
4225
4244
5265
4207
4208
4226
5266
4209
4227
4246
5267
4209
4210
4228
5268
4211
4229
4248
5269
4211
4212
4230
5270
4213
4231
4250
5271
4213
4214
4232
5272
4215
4233
4252
5273
4215
4216
4234
5274
4217
4235
4254
5275
4217
4218
4236
5276
4219
4237
4256
5277
4219
4238
5278
4239
4258
5279
4221
4222
4223
4260
4223
4224
4225
4262
4225
4226
4227
4264
4227
4228
4229
4266
4229
4230
4231
4268
4231
4232
4233
4270
4233
4234
4235
4272
4235
4236
4237
4274
4237
4238
4239
4276
4239
4278
4241
4242
4260
5300
4243
4261
4280
5301
4243
4244
4262
5302
4245
4263
4282
5303
4245
4246
4264
5304
4247
4265
4284
5305
4247
4248
4266
5306
4249
4267
4286
5307
4249
4250
4268
5308
4251
4269
4288
5309
4251
4252
4270
5310
4253
4271
4290
5311
4253
4254
4272
5312
4255
4273
4292
5313
4255
4256
4274
5314
4257
4275
4294
5315
4257
4258
4276
5316
4259
4277
4296
5317
4259
4278
5318
4279
4298
5319
4261
4262
4263
4300
4263
4264
4265
4302
4265
4266
4267
4304
4267
4268
4269
4306
4269
4270
4271
4308
4271
4272
4273
4310
4273
4274
4275
4312
4275
4276
4277
4314
4277
4278
4279
4316
4279
4318
4281
4282
4300
5340
4283
4301
4320
5341
4283
4284
4302
5342
4285
4303
4322
5343
4285
4286
4304
5344
4287
4305
4324
5345
4287
4288
4306
5346
4289
4307
4326
5347
4289
4290
4308
5348
4291
4309
4328
5349
4291
4292
4310
5350
4293
4311
4330
5351
4293
4294
4312
5352
4295
4313
4332
5353
4295
4296
4314
5354
4297
4315
4334
5355
4297
4298
4316
5356
4299
4317
4336
5357
4299
4318
5358
4319
4338
5359
4301
4302
4303
4340
4303
4304
4305
4342
4305
4306
4307
4344
4307
4308
4309
4346
4309
4310
4311
4348
4311
4312
4313
4350
4313
4314
4315
4352
4315
4316
4317
4354
4317
4318
4319
4356
4319
4358
4321
4322
4340
5380
4323
4341
4360
5381
4323
4324
4342
5382
4325
4343
4362
5383
4325
4326
4344
5384
4327
4345
4364
5385
4327
4328
4346
5386
4329
4347
4366
5387
4329
4330
4348
5388
4331
4349
4368
5389
4331
4332
4350
5390
4333
4351
4370
5391
4333
4334
4352
5392
4335
4353
4372
5393
4335
4336
4354
5394
4337
4355
4374
5395
4337
4338
4356
5396
4339
4357
4376
5397
4339
4358
5398
4359
4378
5399
4341
4342
4343
4380
4343
4344
4345
4382
4345
4346
4347
4384
4347
4348
4349
4386
4349
4350
4351
4388
4351
4352
4353
4390
4353
4354
4355
4392
4355
4356
4357
4394
4357
4358
4359
4396
4359
4398
4361
4362
4380
5420
4363
4381
4400
5421
4363
4364
4382
5422
4365
4383
4402
5423
4365
4366
4384
5424
4367
4385
4404
5425
4367
4368
4386
5426
4369
4387
4406
5427
4369
4370
4388
5428
4371
4389
4408
5429
4371
4372
4390
5430
4373
4391
4410
5431
4373
4374
4392
5432
4375
4393
4412
5433
4375
4376
4394
5434
4377
4395
4414
5435
4377
4378
4396
5436
4379
4397
4416
5437
4379
4398
5438
4399
4418
5439
4381
4382
4383
4420
4383
4384
4385
4422
4385
4386
4387
4424
4387
4388
4389
4426
4389
4390
4391
4428
4391
4392
4393
4430
4393
4394
4395
4432
4395
4396
4397
4434
4397
4398
4399
4436
4399
4438
4401
4402
4420
5460
4403
4421
4440
5461
4403
4404
4422
5462
4405
4423
4442
5463
4405
4406
4424
5464
4407
4425
4444
5465
4407
4408
4426
5466
4409
4427
4446
5467
4409
4410
4428
5468
4411
4429
4448
5469
4411
4412
4430
5470
4413
4431
4450
5471
4413
4414
4432
5472
4415
4433
4452
5473
4415
4416
4434
5474
4417
4435
4454
5475
4417
4418
4436
5476
4419
4437
4456
5477
4419
4438
5478
4439
4458
5479
4421
4422
4423
4460
4423
4424
4425
4462
4425
4426
4427
4464
4427
4428
4429
4466
4429
4430
4431
4468
4431
4432
4433
4470
4433
4434
4435
4472
4435
4436
4437
4474
4437
4438
4439
4476
4439
4478
4441
4442
4460
5500
4443
4461
4480
5501
4443
4444
4462
5502
4445
4463
4482
5503
4445
4446
4464
5504
4447
4465
4484
5505
4447
4448
4466
5506
4449
4467
4486
5507
4449
4450
4468
5508
4451
4469
4488
5509
4451
4452
4470
5510
4453
4471
4490
5511
4453
4454
4472
5512
4455
4473
4492
5513
4455
4456
4474
5514
4457
4475
4494
5515
4457
4458
4476
5516
4459
4477
4496
5517
4459
4478
5518
4479
4498
5519
4461
4462
4463
4500
4463
4464
4465
4502
4465
4466
4467
4504
4467
4468
4469
4506
4469
4470
4471
4508
4471
4472
4473
4510
4473
4474
4475
4512
4475
4476
4477
4514
4477
4478
4479
4516
4479
4518
4481
4482
4500
5540
4483
4501
4520
5541
4483
4484
4502
5542
4485
4503
4522
5543
4485
4486
4504
5544
4487
4505
4524
5545
4487
4488
4506
5546
4489
4507
4526
5547
4489
4490
4508
5548
4491
4509
4528
5549
4491
4492
4510
5550
4493
4511
4530
5551
4493
4494
4512
5552
4495
4513
4532
5553
4495
4496
4514
5554
4497
4515
4534
5555
4497
4498
4516
5556
4499
4517
4536
5557
4499
4518
5558
4519
4538
5559
4501
4502
4503
4540
4503
4504
4505
4542
4505
4506
4507
4544
4507
4508
4509
4546
4509
4510
4511
4548
4511
4512
4513
4550
4513
4514
4515
4552
4515
4516
4517
4554
4517
4518
4519
4556
4519
4558
4521
4522
4540
5580
4523
4541
4560
5581
4523
4524
4542
5582
4525
4543
4562
5583
4525
4526
4544
5584
4527
4545
4564
5585
4527
4528
4546
5586
4529
4547
4566
5587
4529
4530
4548
5588
4531
4549
4568
5589
4531
4532
4550
5590
4533
4551
4570
5591
4533
4534
4552
5592
4535
4553
4572
5593
4535
4536
4554
5594
4537
4555
4574
5595
4537
4538
4556
5596
4539
4557
4576
5597
4539
4558
5598
4559
4578
5599
4541
4542
4543
4580
4543
4544
4545
4582
4545
4546
4547
4584
4547
4548
4549
4586
4549
4550
4551
4588
4551
4552
4553
4590
4553
4554
4555
4592
4555
4556
4557
4594
4557
4558
4559
4596
4559
4598
4561
4562
4580
5620
4563
4581
4600
5621
4563
4564
4582
5622
4565
4583
4602
5623
4565
4566
4584
5624
4567
4585
4604
5625
4567
4568
4586
5626
4569
4587
4606
5627
4569
4570
4588
5628
4571
4589
4608
5629
4571
4572
4590
5630
4573
4591
4610
5631
4573
4574
4592
5632
4575
4593
4612
5633
4575
4576
4594
5634
4577
4595
4614
5635
4577
4578
4596
5636
4579
4597
4616
5637
4579
4598
5638
4599
4618
5639
4581
4582
4583
4620
4583
4584
4585
4622
4585
4586
4587
4624
4587
4588
4589
4626
4589
4590
4591
4628
4591
4592
4593
4630
4593
4594
4595
4632
4595
4596
4597
4634
4597
4598
4599
4636
4599
4638
4601
4602
4620
5660
4603
4621
4640
5661
4603
4604
4622
5662
4605
4623
4642
5663
4605
4606
4624
5664
4607
4625
4644
5665
4607
4608
4626
5666
4609
4627
4646
5667
4609
4610
4628
5668
4611
4629
4648
5669
4611
4612
4630
5670
4613
4631
4650
5671
4613
4614
4632
5672
4615
4633
4652
5673
4615
4616
4634
5674
4617
4635
4654
5675
4617
4618
4636
5676
4619
4637
4656
5677
4619
4638
5678
4639
4658
5679
4621
4622
4623
4660
4623
4624
4625
4662
4625
4626
4627
4664
4627
4628
4629
4666
4629
4630
4631
4668
4631
4632
4633
4670
4633
4634
4635
4672
4635
4636
4637
4674
4637
4638
4639
4676
4639
4678
4641
4642
4660
5700
4643
4661
4680
5701
4643
4644
4662
5702
4645
4663
4682
5703
4645
4646
4664
5704
4647
4665
4684
5705
4647
4648
4666
5706
4649
4667
4686
5707
4649
4650
4668
5708
4651
4669
4688
5709
4651
4652
4670
5710
4653
4671
4690
5711
4653
4654
4672
5712
4655
4673
4692
5713
4655
4656
4674
5714
4657
4675
4694
5715
4657
4658
4676
5716
4659
4677
4696
5717
4659
4678
5718
4679
4698
5719
4661
4662
4663
4700
4663
4664
4665
4702
4665
4666
4667
4704
4667
4668
4669
4706
4669
4670
4671
4708
4671
4672
4673
4710
4673
4674
4675
4712
4675
4676
4677
4714
4677
4678
4679
4716
4679
4718
4681
4682
4700
5740
4683
4701
4720
5741
4683
4684
4702
5742
4685
4703
4722
5743
4685
4686
4704
5744
4687
4705
4724
5745
4687
4688
4706
5746
4689
4707
4726
5747
4689
4690
4708
5748
4691
4709
4728
5749
4691
4692
4710
5750
4693
4711
4730
5751
4693
4694
4712
5752
4695
4713
4732
5753
4695
4696
4714
5754
4697
4715
4734
5755
4697
4698
4716
5756
4699
4717
4736
5757
4699
4718
5758
4719
4738
5759
4701
4702
4703
4740
4703
4704
4705
4742
4705
4706
4707
4744
4707
4708
4709
4746
4709
4710
4711
4748
4711
4712
4713
4750
4713
4714
4715
4752
4715
4716
4717
4754
4717
4718
4719
4756
4719
4758
4721
4722
4740
5780
4723
4741
4760
5781
4723
4724
4742
5782
4725
4743
4762
5783
4725
4726
4744
5784
4727
4745
4764
5785
4727
4728
4746
5786
4729
4747
4766
5787
4729
4730
4748
5788
4731
4749
4768
5789
4731
4732
4750
5790
4733
4751
4770
5791
4733
4734
4752
5792
4735
4753
4772
5793
4735
4736
4754
5794
4737
4755
4774
5795
4737
4738
4756
5796
4739
4757
4776
5797
4739
4758
5798
4759
4778
5799
4741
4742
4743
4780
4743
4744
4745
4782
4745
4746
4747
4784
4747
4748
4749
4786
4749
4750
4751
4788
4751
4752
4753
4790
4753
4754
4755
4792
4755
4756
4757
4794
4757
4758
4759
4796
4759
4798
4761
4762
4780
5820
4763
4781
4800
5821
4763
4764
4782
5822
4765
4783
4802
5823
4765
4766
4784
5824
4767
4785
4804
5825
4767
4768
4786
5826
4769
4787
4806
5827
4769
4770
4788
5828
4771
4789
4808
5829
4771
4772
4790
5830
4773
4791
4810
5831
4773
4774
4792
5832
4775
4793
4812
5833
4775
4776
4794
5834
4777
4795
4814
5835
4777
4778
4796
5836
4779
4797
4816
5837
4779
4798
5838
4799
4818
5839
4781
4782
4783
4820
4783
4784
4785
4822
4785
4786
4787
4824
4787
4788
4789
4826
4789
4790
4791
4828
4791
4792
4793
4830
4793
4794
4795
4832
4795
4796
4797
4834
4797
4798
4799
4836
4799
4838
4801
4802
4820
5860
4803
4821
4840
5861
4803
4804
4822
5862
4805
4823
4842
5863
4805
4806
4824
5864
4807
4825
4844
5865
4807
4808
4826
5866
4809
4827
4846
5867
4809
4810
4828
5868
4811
4829
4848
5869
4811
4812
4830
5870
4813
4831
4850
5871
4813
4814
4832
5872
4815
4833
4852
5873
4815
4816
4834
5874
4817
4835
4854
5875
4817
4818
4836
5876
4819
4837
4856
5877
4819
4838
5878
4839
4858
5879
4821
4822
4823
4860
4823
4824
4825
4862
4825
4826
4827
4864
4827
4828
4829
4866
4829
4830
4831
4868
4831
4832
4833
4870
4833
4834
4835
4872
4835
4836
4837
4874
4837
4838
4839
4876
4839
4878
4841
4842
4860
5900
4843
4861
4880
5901
4843
4844
4862
5902
4845
4863
4882
5903
4845
4846
4864
5904
4847
4865
4884
5905
4847
4848
4866
5906
4849
4867
4886
5907
4849
4850
4868
5908
4851
4869
4888
5909
4851
4852
4870
5910
4853
4871
4890
5911
4853
4854
4872
5912
4855
4873
4892
5913
4855
4856
4874
5914
4857
4875
4894
5915
4857
4858
4876
5916
4859
4877
4896
5917
4859
4878
5918
4879
4898
5919
4861
4862
4863
4900
4863
4864
4865
4902
4865
4866
4867
4904
4867
4868
4869
4906
4869
4870
4871
4908
4871
4872
4873
4910
4873
4874
4875
4912
4875
4876
4877
4914
4877
4878
4879
4916
4879
4918
4881
4882
4900
5940
4883
4901
4920
5941
4883
4884
4902
5942
4885
4903
4922
5943
4885
4886
4904
5944
4887
4905
4924
5945
4887
4888
4906
5946
4889
4907
4926
5947
4889
4890
4908
5948
4891
4909
4928
5949
4891
4892
4910
5950
4893
4911
4930
5951
4893
4894
4912
5952
4895
4913
4932
5953
4895
4896
4914
5954
4897
4915
4934
5955
4897
4898
4916
5956
4899
4917
4936
5957
4899
4918
5958
4919
4938
5959
4901
4902
4903
4940
4903
4904
4905
4942
4905
4906
4907
4944
4907
4908
4909
4946
4909
4910
4911
4948
4911
4912
4913
4950
4913
4914
4915
4952
4915
4916
4917
4954
4917
4918
4919
4956
4919
4958
4921
4922
4940
5980
4923
4941
4960
5981
4923
4924
4942
5982
4925
4943
4962
5983
4925
4926
4944
5984
4927
4945
4964
5985
4927
4928
4946
5986
4929
4947
4966
5987
4929
4930
4948
5988
4931
4949
4968
5989
4931
4932
4950
5990
4933
4951
4970
5991
4933
4934
4952
5992
4935
4953
4972
5993
4935
4936
4954
5994
4937
4955
4974
5995
4937
4938
4956
5996
4939
4957
4976
5997
4939
4958
5998
4959
4978
5999
4941
4942
4943
4980
4943
4944
4945
4982
4945
4946
4947
4984
4947
4948
4949
4986
4949
4950
4951
4988
4951
4952
4953
4990
4953
4954
4955
4992
4955
4956
4957
4994
4957
4958
4959
4996
4959
4998
4961
4962
4980
6020
4963
4981
5000
6021
4963
4964
4982
6022
4965
4983
5002
6023
4965
4966
4984
6024
4967
4985
5004
6025
4967
4968
4986
6026
4969
4987
5006
6027
4969
4970
4988
6028
4971
4989
5008
6029
4971
4972
4990
6030
4973
4991
5010
6031
4973
4974
4992
6032
4975
4993
5012
6033
4975
4976
4994
6034
4977
4995
5014
6035
4977
4978
4996
6036
4979
4997
5016
6037
4979
4998
6038
4999
5018
6039
4981
4982
4983
5020
4983
4984
4985
5022
4985
4986
4987
5024
4987
4988
4989
5026
4989
4990
4991
5028
4991
4992
4993
5030
4993
4994
4995
5032
4995
4996
4997
5034
4997
4998
4999
5036
4999
5038
5001
5002
5020
6060
5003
5021
5040
6061
5003
5004
5022
6062
5005
5023
5042
6063
5005
5006
5024
6064
5007
5025
5044
6065
5007
5008
5026
6066
5009
5027
5046
6067
5009
5010
5028
6068
5011
5029
5048
6069
5011
5012
5030
6070
5013
5031
5050
6071
5013
5014
5032
6072
5015
5033
5052
6073
5015
5016
5034
6074
5017
5035
5054
6075
5017
5018
5036
6076
5019
5037
5056
6077
5019
5038
6078
5039
5058
6079
5021
5022
5023
5060
5023
5024
5025
5062
5025
5026
5027
5064
5027
5028
5029
5066
5029
5030
5031
5068
5031
5032
5033
5070
5033
5034
5035
5072
5035
5036
5037
5074
5037
5038
5039
5076
5039
5078
5041
5042
5060
6100
5043
5061
5080
6101
5043
5044
5062
6102
5045
5063
5082
6103
5045
5046
5064
6104
5047
5065
5084
6105
5047
5048
5066
6106
5049
5067
5086
6107
5049
5050
5068
6108
5051
5069
5088
6109
5051
5052
5070
6110
5053
5071
5090
6111
5053
5054
5072
6112
5055
5073
5092
6113
5055
5056
5074
6114
5057
5075
5094
6115
5057
5058
5076
6116
5059
5077
5096
6117
5059
5078
6118
5079
5098
6119
5061
5062
5063
5100
5063
5064
5065
5102
5065
5066
5067
5104
5067
5068
5069
5106
5069
5070
5071
5108
5071
5072
5073
5110
5073
5074
5075
5112
5075
5076
5077
5114
5077
5078
5079
5116
5079
5118
5081
5082
5100
6140
5083
5101
5120
6141
5083
5084
5102
6142
5085
5103
5122
6143
5085
5086
5104
6144
5087
5105
5124
6145
5087
5088
5106
6146
5089
5107
5126
6147
5089
5090
5108
6148
5091
5109
5128
6149
5091
5092
5110
6150
5093
5111
5130
6151
5093
5094
5112
6152
5095
5113
5132
6153
5095
5096
5114
6154
5097
5115
5134
6155
5097
5098
5116
6156
5099
5117
5136
6157
5099
5118
6158
5119
5138
6159
5101
5102
5103
5140
5103
5104
5105
5142
5105
5106
5107
5144
5107
5108
5109
5146
5109
5110
5111
5148
5111
5112
5113
5150
5113
5114
5115
5152
5115
5116
5117
5154
5117
5118
5119
5156
5119
5158
5121
5122
5140
6180
5123
5141
5160
6181
5123
5124
5142
6182
5125
5143
5162
6183
5125
5126
5144
6184
5127
5145
5164
6185
5127
5128
5146
6186
5129
5147
5166
6187
5129
5130
5148
6188
5131
5149
5168
6189
5131
5132
5150
6190
5133
5151
5170
6191
5133
5134
5152
6192
5135
5153
5172
6193
5135
5136
5154
6194
5137
5155
5174
6195
5137
5138
5156
6196
5139
5157
5176
6197
5139
5158
6198
5159
5178
6199
5141
5142
5143
5180
5143
5144
5145
5182
5145
5146
5147
5184
5147
5148
5149
5186
5149
5150
5151
5188
5151
5152
5153
5190
5153
5154
5155
5192
5155
5156
5157
5194
5157
5158
5159
5196
5159
5198
5161
5162
5180
6220
5163
5181
6221
5163
5164
5182
6222
5165
5183
6223
5165
5166
5184
6224
5167
5185
6225
5167
5168
5186
6226
5169
5187
6227
5169
5170
5188
6228
5171
5189
6229
5171
5172
5190
6230
5173
5191
6231
5173
5174
5192
6232
5175
5193
6233
5175
5176
5194
6234
5177
5195
6235
5177
5178
5196
6236
5179
5197
6237
5179
5198
6238
5199
6239
5181
5182
5183
5183
5184
5185
5185
5186
5187
5187
5188
5189
5189
5190
5191
5191
5192
5193
5193
5194
5195
5195
5196
5197
5197
5198
5199
5199
5201
5202
5220
5203
5221
5240
5203
5204
5222
5205
5223
5242
5205
5206
5224
5207
5225
5244
5207
5208
5226
5209
5227
5246
5209
5210
5228
5211
5229
5248
5211
5212
5230
5213
5231
5250
5213
5214
5232
5215
5233
5252
5215
5216
5234
5217
5235
5254
5217
5218
5236
5219
5237
5256
5219
5238
5239
5258
5221
5222
5223
5260
5223
5224
5225
5262
5225
5226
5227
5264
5227
5228
5229
5266
5229
5230
5231
5268
5231
5232
5233
5270
5233
5234
5235
5272
5235
5236
5237
5274
5237
5238
5239
5276
5239
5278
5241
5242
5260
5243
5261
5280
5243
5244
5262
5245
5263
5282
5245
5246
5264
5247
5265
5284
5247
5248
5266
5249
5267
5286
5249
5250
5268
5251
5269
5288
5251
5252
5270
5253
5271
5290
5253
5254
5272
5255
5273
5292
5255
5256
5274
5257
5275
5294
5257
5258
5276
5259
5277
5296
5259
5278
5279
5298
5261
5262
5263
5300
5263
5264
5265
5302
5265
5266
5267
5304
5267
5268
5269
5306
5269
5270
5271
5308
5271
5272
5273
5310
5273
5274
5275
5312
5275
5276
5277
5314
5277
5278
5279
5316
5279
5318
5281
5282
5300
5283
5301
5320
5283
5284
5302
5285
5303
5322
5285
5286
5304
5287
5305
5324
5287
5288
5306
5289
5307
5326
5289
5290
5308
5291
5309
5328
5291
5292
5310
5293
5311
5330
5293
5294
5312
5295
5313
5332
5295
5296
5314
5297
5315
5334
5297
5298
5316
5299
5317
5336
5299
5318
5319
5338
5301
5302
5303
5340
5303
5304
5305
5342
5305
5306
5307
5344
5307
5308
5309
5346
5309
5310
5311
5348
5311
5312
5313
5350
5313
5314
5315
5352
5315
5316
5317
5354
5317
5318
5319
5356
5319
5358
5321
5322
5340
5323
5341
5360
5323
5324
5342
5325
5343
5362
5325
5326
5344
5327
5345
5364
5327
5328
5346
5329
5347
5366
5329
5330
5348
5331
5349
5368
5331
5332
5350
5333
5351
5370
5333
5334
5352
5335
5353
5372
5335
5336
5354
5337
5355
5374
5337
5338
5356
5339
5357
5376
5339
5358
5359
5378
5341
5342
5343
5380
5343
5344
5345
5382
5345
5346
5347
5384
5347
5348
5349
5386
5349
5350
5351
5388
5351
5352
5353
5390
5353
5354
5355
5392
5355
5356
5357
5394
5357
5358
5359
5396
5359
5398
5361
5362
5380
5363
5381
5400
5363
5364
5382
5365
5383
5402
5365
5366
5384
5367
5385
5404
5367
5368
5386
5369
5387
5406
5369
5370
5388
5371
5389
5408
5371
5372
5390
5373
5391
5410
5373
5374
5392
5375
5393
5412
5375
5376
5394
5377
5395
5414
5377
5378
5396
5379
5397
5416
5379
5398
5399
5418
5381
5382
5383
5420
5383
5384
5385
5422
5385
5386
5387
5424
5387
5388
5389
5426
5389
5390
5391
5428
5391
5392
5393
5430
5393
5394
5395
5432
5395
5396
5397
5434
5397
5398
5399
5436
5399
5438
5401
5402
5420
5403
5421
5440
5403
5404
5422
5405
5423
5442
5405
5406
5424
5407
5425
5444
5407
5408
5426
5409
5427
5446
5409
5410
5428
5411
5429
5448
5411
5412
5430
5413
5431
5450
5413
5414
5432
5415
5433
5452
5415
5416
5434
5417
5435
5454
5417
5418
5436
5419
5437
5456
5419
5438
5439
5458
5421
5422
5423
5460
5423
5424
5425
5462
5425
5426
5427
5464
5427
5428
5429
5466
5429
5430
5431
5468
5431
5432
5433
5470
5433
5434
5435
5472
5435
5436
5437
5474
5437
5438
5439
5476
5439
5478
5441
5442
5460
5443
5461
5480
5443
5444
5462
5445
5463
5482
5445
5446
5464
5447
5465
5484
5447
5448
5466
5449
5467
5486
5449
5450
5468
5451
5469
5488
5451
5452
5470
5453
5471
5490
5453
5454
5472
5455
5473
5492
5455
5456
5474
5457
5475
5494
5457
5458
5476
5459
5477
5496
5459
5478
5479
5498
5461
5462
5463
5500
5463
5464
5465
5502
5465
5466
5467
5504
5467
5468
5469
5506
5469
5470
5471
5508
5471
5472
5473
5510
5473
5474
5475
5512
5475
5476
5477
5514
5477
5478
5479
5516
5479
5518
5481
5482
5500
5483
5501
5520
5483
5484
5502
5485
5503
5522
5485
5486
5504
5487
5505
5524
5487
5488
5506
5489
5507
5526
5489
5490
5508
5491
5509
5528
5491
5492
5510
5493
5511
5530
5493
5494
5512
5495
5513
5532
5495
5496
5514
5497
5515
5534
5497
5498
5516
5499
5517
5536
5499
5518
5519
5538
5501
5502
5503
5540
5503
5504
5505
5542
5505
5506
5507
5544
5507
5508
5509
5546
5509
5510
5511
5548
5511
5512
5513
5550
5513
5514
5515
5552
5515
5516
5517
5554
5517
5518
5519
5556
5519
5558
5521
5522
5540
5523
5541
5560
5523
5524
5542
5525
5543
5562
5525
5526
5544
5527
5545
5564
5527
5528
5546
5529
5547
5566
5529
5530
5548
5531
5549
5568
5531
5532
5550
5533
5551
5570
5533
5534
5552
5535
5553
5572
5535
5536
5554
5537
5555
5574
5537
5538
5556
5539
5557
5576
5539
5558
5559
5578
5541
5542
5543
5580
5543
5544
5545
5582
5545
5546
5547
5584
5547
5548
5549
5586
5549
5550
5551
5588
5551
5552
5553
5590
5553
5554
5555
5592
5555
5556
5557
5594
5557
5558
5559
5596
5559
5598
5561
5562
5580
5563
5581
5600
5563
5564
5582
5565
5583
5602
5565
5566
5584
5567
5585
5604
5567
5568
5586
5569
5587
5606
5569
5570
5588
5571
5589
5608
5571
5572
5590
5573
5591
5610
5573
5574
5592
5575
5593
5612
5575
5576
5594
5577
5595
5614
5577
5578
5596
5579
5597
5616
5579
5598
5599
5618
5581
5582
5583
5620
5583
5584
5585
5622
5585
5586
5587
5624
5587
5588
5589
5626
5589
5590
5591
5628
5591
5592
5593
5630
5593
5594
5595
5632
5595
5596
5597
5634
5597
5598
5599
5636
5599
5638
5601
5602
5620
5603
5621
5640
5603
5604
5622
5605
5623
5642
5605
5606
5624
5607
5625
5644
5607
5608
5626
5609
5627
5646
5609
5610
5628
5611
5629
5648
5611
5612
5630
5613
5631
5650
5613
5614
5632
5615
5633
5652
5615
5616
5634
5617
5635
5654
5617
5618
5636
5619
5637
5656
5619
5638
5639
5658
5621
5622
5623
5660
5623
5624
5625
5662
5625
5626
5627
5664
5627
5628
5629
5666
5629
5630
5631
5668
5631
5632
5633
5670
5633
5634
5635
5672
5635
5636
5637
5674
5637
5638
5639
5676
5639
5678
5641
5642
5660
5643
5661
5680
5643
5644
5662
5645
5663
5682
5645
5646
5664
5647
5665
5684
5647
5648
5666
5649
5667
5686
5649
5650
5668
5651
5669
5688
5651
5652
5670
5653
5671
5690
5653
5654
5672
5655
5673
5692
5655
5656
5674
5657
5675
5694
5657
5658
5676
5659
5677
5696
5659
5678
5679
5698
5661
5662
5663
5700
5663
5664
5665
5702
5665
5666
5667
5704
5667
5668
5669
5706
5669
5670
5671
5708
5671
5672
5673
5710
5673
5674
5675
5712
5675
5676
5677
5714
5677
5678
5679
5716
5679
5718
5681
5682
5700
5683
5701
5720
5683
5684
5702
5685
5703
5722
5685
5686
5704
5687
5705
5724
5687
5688
5706
5689
5707
5726
5689
5690
5708
5691
5709
5728
5691
5692
5710
5693
5711
5730
5693
5694
5712
5695
5713
5732
5695
5696
5714
5697
5715
5734
5697
5698
5716
5699
5717
5736
5699
5718
5719
5738
5701
5702
5703
5740
5703
5704
5705
5742
5705
5706
5707
5744
5707
5708
5709
5746
5709
5710
5711
5748
5711
5712
5713
5750
5713
5714
5715
5752
5715
5716
5717
5754
5717
5718
5719
5756
5719
5758
5721
5722
5740
5723
5741
5760
5723
5724
5742
5725
5743
5762
5725
5726
5744
5727
5745
5764
5727
5728
5746
5729
5747
5766
5729
5730
5748
5731
5749
5768
5731
5732
5750
5733
5751
5770
5733
5734
5752
5735
5753
5772
5735
5736
5754
5737
5755
5774
5737
5738
5756
5739
5757
5776
5739
5758
5759
5778
5741
5742
5743
5780
5743
5744
5745
5782
5745
5746
5747
5784
5747
5748
5749
5786
5749
5750
5751
5788
5751
5752
5753
5790
5753
5754
5755
5792
5755
5756
5757
5794
5757
5758
5759
5796
5759
5798
5761
5762
5780
5763
5781
5800
5763
5764
5782
5765
5783
5802
5765
5766
5784
5767
5785
5804
5767
5768
5786
5769
5787
5806
5769
5770
5788
5771
5789
5808
5771
5772
5790
5773
5791
5810
5773
5774
5792
5775
5793
5812
5775
5776
5794
5777
5795
5814
5777
5778
5796
5779
5797
5816
5779
5798
5799
5818
5781
5782
5783
5820
5783
5784
5785
5822
5785
5786
5787
5824
5787
5788
5789
5826
5789
5790
5791
5828
5791
5792
5793
5830
5793
5794
5795
5832
5795
5796
5797
5834
5797
5798
5799
5836
5799
5838
5801
5802
5820
5803
5821
5840
5803
5804
5822
5805
5823
5842
5805
5806
5824
5807
5825
5844
5807
5808
5826
5809
5827
5846
5809
5810
5828
5811
5829
5848
5811
5812
5830
5813
5831
5850
5813
5814
5832
5815
5833
5852
5815
5816
5834
5817
5835
5854
5817
5818
5836
5819
5837
5856
5819
5838
5839
5858
5821
5822
5823
5860
5823
5824
5825
5862
5825
5826
5827
5864
5827
5828
5829
5866
5829
5830
5831
5868
5831
5832
5833
5870
5833
5834
5835
5872
5835
5836
5837
5874
5837
5838
5839
5876
5839
5878
5841
5842
5860
5843
5861
5880
5843
5844
5862
5845
5863
5882
5845
5846
5864
5847
5865
5884
5847
5848
5866
5849
5867
5886
5849
5850
5868
5851
5869
5888
5851
5852
5870
5853
5871
5890
5853
5854
5872
5855
5873
5892
5855
5856
5874
5857
5875
5894
5857
5858
5876
5859
5877
5896
5859
5878
5879
5898
5861
5862
5863
5900
5863
5864
5865
5902
5865
5866
5867
5904
5867
5868
5869
5906
5869
5870
5871
5908
5871
5872
5873
5910
5873
5874
5875
5912
5875
5876
5877
5914
5877
5878
5879
5916
5879
5918
5881
5882
5900
5883
5901
5920
5883
5884
5902
5885
5903
5922
5885
5886
5904
5887
5905
5924
5887
5888
5906
5889
5907
5926
5889
5890
5908
5891
5909
5928
5891
5892
5910
5893
5911
5930
5893
5894
5912
5895
5913
5932
5895
5896
5914
5897
5915
5934
5897
5898
5916
5899
5917
5936
5899
5918
5919
5938
5901
5902
5903
5940
5903
5904
5905
5942
5905
5906
5907
5944
5907
5908
5909
5946
5909
5910
5911
5948
5911
5912
5913
5950
5913
5914
5915
5952
5915
5916
5917
5954
5917
5918
5919
5956
5919
5958
5921
5922
5940
5923
5941
5960
5923
5924
5942
5925
5943
5962
5925
5926
5944
5927
5945
5964
5927
5928
5946
5929
5947
5966
5929
5930
5948
5931
5949
5968
5931
5932
5950
5933
5951
5970
5933
5934
5952
5935
5953
5972
5935
5936
5954
5937
5955
5974
5937
5938
5956
5939
5957
5976
5939
5958
5959
5978
5941
5942
5943
5980
5943
5944
5945
5982
5945
5946
5947
5984
5947
5948
5949
5986
5949
5950
5951
5988
5951
5952
5953
5990
5953
5954
5955
5992
5955
5956
5957
5994
5957
5958
5959
5996
5959
5998
5961
5962
5980
5963
5981
6000
5963
5964
5982
5965
5983
6002
5965
5966
5984
5967
5985
6004
5967
5968
5986
5969
5987
6006
5969
5970
5988
5971
5989
6008
5971
5972
5990
5973
5991
6010
5973
5974
5992
5975
5993
6012
5975
5976
5994
5977
5995
6014
5977
5978
5996
5979
5997
6016
5979
5998
5999
6018
5981
5982
5983
6020
5983
5984
5985
6022
5985
5986
5987
6024
5987
5988
5989
6026
5989
5990
5991
6028
5991
5992
5993
6030
5993
5994
5995
6032
5995
5996
5997
6034
5997
5998
5999
6036
5999
6038
6001
6002
6020
6003
6021
6040
6003
6004
6022
6005
6023
6042
6005
6006
6024
6007
6025
6044
6007
6008
6026
6009
6027
6046
6009
6010
6028
6011
6029
6048
6011
6012
6030
6013
6031
6050
6013
6014
6032
6015
6033
6052
6015
6016
6034
6017
6035
6054
6017
6018
6036
6019
6037
6056
6019
6038
6039
6058
6021
6022
6023
6060
6023
6024
6025
6062
6025
6026
6027
6064
6027
6028
6029
6066
6029
6030
6031
6068
6031
6032
6033
6070
6033
6034
6035
6072
6035
6036
6037
6074
6037
6038
6039
6076
6039
6078
6041
6042
6060
6043
6061
6080
6043
6044
6062
6045
6063
6082
6045
6046
6064
6047
6065
6084
6047
6048
6066
6049
6067
6086
6049
6050
6068
6051
6069
6088
6051
6052
6070
6053
6071
6090
6053
6054
6072
6055
6073
6092
6055
6056
6074
6057
6075
6094
6057
6058
6076
6059
6077
6096
6059
6078
6079
6098
6061
6062
6063
6100
6063
6064
6065
6102
6065
6066
6067
6104
6067
6068
6069
6106
6069
6070
6071
6108
6071
6072
6073
6110
6073
6074
6075
6112
6075
6076
6077
6114
6077
6078
6079
6116
6079
6118
6081
6082
6100
6083
6101
6120
6083
6084
6102
6085
6103
6122
6085
6086
6104
6087
6105
6124
6087
6088
6106
6089
6107
6126
6089
6090
6108
6091
6109
6128
6091
6092
6110
6093
6111
6130
6093
6094
6112
6095
6113
6132
6095
6096
6114
6097
6115
6134
6097
6098
6116
6099
6117
6136
6099
6118
6119
6138
6101
6102
6103
6140
6103
6104
6105
6142
6105
6106
6107
6144
6107
6108
6109
6146
6109
6110
6111
6148
6111
6112
6113
6150
6113
6114
6115
6152
6115
6116
6117
6154
6117
6118
6119
6156
6119
6158
6121
6122
6140
6123
6141
6160
6123
6124
6142
6125
6143
6162
6125
6126
6144
6127
6145
6164
6127
6128
6146
6129
6147
6166
6129
6130
6148
6131
6149
6168
6131
6132
6150
6133
6151
6170
6133
6134
6152
6135
6153
6172
6135
6136
6154
6137
6155
6174
6137
6138
6156
6139
6157
6176
6139
6158
6159
6178
6141
6142
6143
6180
6143
6144
6145
6182
6145
6146
6147
6184
6147
6148
6149
6186
6149
6150
6151
6188
6151
6152
6153
6190
6153
6154
6155
6192
6155
6156
6157
6194
6157
6158
6159
6196
6159
6198
6161
6162
6180
6163
6181
6200
6163
6164
6182
6165
6183
6202
6165
6166
6184
6167
6185
6204
6167
6168
6186
6169
6187
6206
6169
6170
6188
6171
6189
6208
6171
6172
6190
6173
6191
6210
6173
6174
6192
6175
6193
6212
6175
6176
6194
6177
6195
6214
6177
6178
6196
6179
6197
6216
6179
6198
6199
6218
6181
6182
6183
6220
6183
6184
6185
6222
6185
6186
6187
6224
6187
6188
6189
6226
6189
6190
6191
6228
6191
6192
6193
6230
6193
6194
6195
6232
6195
6196
6197
6234
6197
6198
6199
6236
6199
6238
6201
6202
6220
6203
6221
6203
6204
6222
6205
6223
6205
6206
6224
6207
6225
6207
6208
6226
6209
6227
6209
6210
6228
6211
6229
6211
6212
6230
6213
6231
6213
6214
6232
6215
6233
6215
6216
6234
6217
6235
6217
6218
6236
6219
6237
6219
6238
6239
6221
6222
6223
6223
6224
6225
6225
6226
6227
6227
6228
6229
6229
6230
6231
6231
6232
6233
6233
6234
6235
6235
6236
6237
6237
6238
6239
6239
)


// ************************************************************************* //
