452
(
	(0.0	0.0	0.0)
	(0.0	0.0	0.0)
	(0.0	0.0	0.0)
	(0.0	0.0	0.0)
	(0.0	0.0	0.0)
	(0.0	0.0	0.0)
	(0.0	0.0	0.0)
	(0.0	0.0	0.0)
	(0.0	0.0	0.0)
	(0.0	0.0	0.0)
	(0.0	0.0	0.0)
	(0.0	0.0	0.0)
	(0.0	0.0	0.0)
	(0.0	0.0	0.0)
	(0.0	0.0	0.0)
	(0.0	0.0	0.0)
	(0.0	0.0	0.0)
	(0.0	0.0	0.0)
	(0.0	0.0	0.0)
	(0.0	0.0	0.0)
	(0.0	0.0	0.0)
	(0.0	0.0	0.0)
	(0.0	0.0	0.0)
	(0.0	0.0	0.0)
	(0.0	0.0	0.0)
	(0.0	0.0	0.0)
	(0.0	0.0	0.0)
	(0.0	0.0	0.0)
	(0.0	0.0	0.0)
	(0.0	0.0	0.0)
	(0.0	0.0	0.0)
	(0.0	0.0	0.0)
	(0.0	0.0	0.0)
	(0.0	0.0	0.0)
	(0.0	0.0	0.0)
	(0.0	0.0	0.0)
	(0.0	0.0	0.0)
	(0.0	0.0	0.0)
	(0.0	0.0	0.0)
	(0.0	0.0	0.0)
	(0.0	0.0	0.0)
	(0.0	0.0	0.0)
	(0.000000	0.0	0.0)
	(0.897461	0.0	0.0)
	(1.749035	0.0	0.0)
	(1.806933	0.0	0.0)
	(1.862230	0.0	0.0)
	(1.906672	0.0	0.0)
	(1.919034	0.0	0.0)
	(1.919781	0.0	0.0)
	(1.925457	0.0	0.0)
	(1.944531	0.0	0.0)
	(1.977401	0.0	0.0)
	(2.016810	0.0	0.0)
	(2.052486	0.0	0.0)
	(2.075763	0.0	0.0)
	(2.080012	0.0	0.0)
	(2.060633	0.0	0.0)
	(2.015062	0.0	0.0)
	(1.942765	0.0	0.0)
	(1.845241	0.0	0.0)
	(1.726023	0.0	0.0)
	(1.590675	0.0	0.0)
	(1.446677	0.0	0.0)
	(1.302139	0.0	0.0)
	(1.164520	0.0	0.0)
	(1.040503	0.0	0.0)
	(0.936004	0.0	0.0)
	(0.856062	0.0	0.0)
	(0.803709	0.0	0.0)
	(0.778831	0.0	0.0)
	(0.778069	0.0	0.0)
	(0.794814	0.0	0.0)
	(0.819414	0.0	0.0)
	(0.841393	0.0	0.0)
	(0.851672	0.0	0.0)
	(0.842773	0.0	0.0)
	(0.808814	0.0	0.0)
	(0.699495	0.0	0.0)
	(0.137659	0.0	0.0)
	(0.000000	0.0	0.0)
	(0.022621	0.0	0.0)
	(0.000000	0.0	0.0)
	(0.000000	0.0	0.0)
	(0.897461	0.0	0.0)
	(1.749035	0.0	0.0)
	(1.806933	0.0	0.0)
	(1.862230	0.0	0.0)
	(1.906672	0.0	0.0)
	(1.919034	0.0	0.0)
	(1.919781	0.0	0.0)
	(1.925457	0.0	0.0)
	(1.944531	0.0	0.0)
	(1.977401	0.0	0.0)
	(2.016810	0.0	0.0)
	(2.052486	0.0	0.0)
	(2.075763	0.0	0.0)
	(2.080012	0.0	0.0)
	(2.060633	0.0	0.0)
	(2.015062	0.0	0.0)
	(1.942765	0.0	0.0)
	(1.845241	0.0	0.0)
	(1.726023	0.0	0.0)
	(1.590675	0.0	0.0)
	(1.446677	0.0	0.0)
	(1.302139	0.0	0.0)
	(1.164520	0.0	0.0)
	(1.040503	0.0	0.0)
	(0.936004	0.0	0.0)
	(0.856062	0.0	0.0)
	(0.803709	0.0	0.0)
	(0.778831	0.0	0.0)
	(0.778069	0.0	0.0)
	(0.794814	0.0	0.0)
	(0.819414	0.0	0.0)
	(0.841393	0.0	0.0)
	(0.851672	0.0	0.0)
	(0.842773	0.0	0.0)
	(0.808814	0.0	0.0)
	(0.699495	0.0	0.0)
	(0.137659	0.0	0.0)
	(0.000000	0.0	0.0)
	(0.022621	0.0	0.0)
	(0.000000	0.0	0.0)
	(0.000000	0.0	0.0)
	(0.897461	0.0	0.0)
	(1.749035	0.0	0.0)
	(1.806933	0.0	0.0)
	(1.862230	0.0	0.0)
	(1.906672	0.0	0.0)
	(1.919034	0.0	0.0)
	(1.919781	0.0	0.0)
	(1.925457	0.0	0.0)
	(1.944531	0.0	0.0)
	(1.977401	0.0	0.0)
	(2.016810	0.0	0.0)
	(2.052486	0.0	0.0)
	(2.075763	0.0	0.0)
	(2.080012	0.0	0.0)
	(2.060633	0.0	0.0)
	(2.015062	0.0	0.0)
	(1.942765	0.0	0.0)
	(1.845241	0.0	0.0)
	(1.726023	0.0	0.0)
	(1.590675	0.0	0.0)
	(1.446677	0.0	0.0)
	(1.302139	0.0	0.0)
	(1.164520	0.0	0.0)
	(1.040503	0.0	0.0)
	(0.936004	0.0	0.0)
	(0.856062	0.0	0.0)
	(0.803709	0.0	0.0)
	(0.778831	0.0	0.0)
	(0.778069	0.0	0.0)
	(0.794814	0.0	0.0)
	(0.819414	0.0	0.0)
	(0.841393	0.0	0.0)
	(0.851672	0.0	0.0)
	(0.842773	0.0	0.0)
	(0.808814	0.0	0.0)
	(0.699495	0.0	0.0)
	(0.137659	0.0	0.0)
	(0.000000	0.0	0.0)
	(0.022621	0.0	0.0)
	(0.000000	0.0	0.0)
	(0.000000	0.0	0.0)
	(0.897461	0.0	0.0)
	(1.749035	0.0	0.0)
	(1.806933	0.0	0.0)
	(1.862230	0.0	0.0)
	(1.906672	0.0	0.0)
	(1.919034	0.0	0.0)
	(1.919781	0.0	0.0)
	(1.925457	0.0	0.0)
	(1.944531	0.0	0.0)
	(1.977401	0.0	0.0)
	(2.016810	0.0	0.0)
	(2.052486	0.0	0.0)
	(2.075763	0.0	0.0)
	(2.080012	0.0	0.0)
	(2.060633	0.0	0.0)
	(2.015062	0.0	0.0)
	(1.942765	0.0	0.0)
	(1.845241	0.0	0.0)
	(1.726023	0.0	0.0)
	(1.590675	0.0	0.0)
	(1.446677	0.0	0.0)
	(1.302139	0.0	0.0)
	(1.164520	0.0	0.0)
	(1.040503	0.0	0.0)
	(0.936004	0.0	0.0)
	(0.856062	0.0	0.0)
	(0.803709	0.0	0.0)
	(0.778831	0.0	0.0)
	(0.778069	0.0	0.0)
	(0.794814	0.0	0.0)
	(0.819414	0.0	0.0)
	(0.841393	0.0	0.0)
	(0.851672	0.0	0.0)
	(0.842773	0.0	0.0)
	(0.808814	0.0	0.0)
	(0.699495	0.0	0.0)
	(0.137659	0.0	0.0)
	(0.000000	0.0	0.0)
	(0.022621	0.0	0.0)
	(0.000000	0.0	0.0)
	(0.000000	0.0	0.0)
	(0.897461	0.0	0.0)
	(1.749035	0.0	0.0)
	(1.806933	0.0	0.0)
	(1.862230	0.0	0.0)
	(1.906672	0.0	0.0)
	(1.919034	0.0	0.0)
	(1.919781	0.0	0.0)
	(1.925457	0.0	0.0)
	(1.944531	0.0	0.0)
	(1.977401	0.0	0.0)
	(2.016810	0.0	0.0)
	(2.052486	0.0	0.0)
	(2.075763	0.0	0.0)
	(2.080012	0.0	0.0)
	(2.060633	0.0	0.0)
	(2.015062	0.0	0.0)
	(1.942765	0.0	0.0)
	(1.845241	0.0	0.0)
	(1.726023	0.0	0.0)
	(1.590675	0.0	0.0)
	(1.446677	0.0	0.0)
	(1.302139	0.0	0.0)
	(1.164520	0.0	0.0)
	(1.040503	0.0	0.0)
	(0.936004	0.0	0.0)
	(0.856062	0.0	0.0)
	(0.803709	0.0	0.0)
	(0.778831	0.0	0.0)
	(0.778069	0.0	0.0)
	(0.794814	0.0	0.0)
	(0.819414	0.0	0.0)
	(0.841393	0.0	0.0)
	(0.851672	0.0	0.0)
	(0.842773	0.0	0.0)
	(0.808814	0.0	0.0)
	(0.699495	0.0	0.0)
	(0.137659	0.0	0.0)
	(0.000000	0.0	0.0)
	(0.022621	0.0	0.0)
	(0.000000	0.0	0.0)
	(0.000000	0.0	0.0)
	(0.897461	0.0	0.0)
	(1.749035	0.0	0.0)
	(1.806933	0.0	0.0)
	(1.862230	0.0	0.0)
	(1.906672	0.0	0.0)
	(1.919034	0.0	0.0)
	(1.919781	0.0	0.0)
	(1.925457	0.0	0.0)
	(1.944531	0.0	0.0)
	(1.977401	0.0	0.0)
	(2.016810	0.0	0.0)
	(2.052486	0.0	0.0)
	(2.075763	0.0	0.0)
	(2.080012	0.0	0.0)
	(2.060633	0.0	0.0)
	(2.015062	0.0	0.0)
	(1.942765	0.0	0.0)
	(1.845241	0.0	0.0)
	(1.726023	0.0	0.0)
	(1.590675	0.0	0.0)
	(1.446677	0.0	0.0)
	(1.302139	0.0	0.0)
	(1.164520	0.0	0.0)
	(1.040503	0.0	0.0)
	(0.936004	0.0	0.0)
	(0.856062	0.0	0.0)
	(0.803709	0.0	0.0)
	(0.778831	0.0	0.0)
	(0.778069	0.0	0.0)
	(0.794814	0.0	0.0)
	(0.819414	0.0	0.0)
	(0.841393	0.0	0.0)
	(0.851672	0.0	0.0)
	(0.842773	0.0	0.0)
	(0.808814	0.0	0.0)
	(0.699495	0.0	0.0)
	(0.137659	0.0	0.0)
	(0.000000	0.0	0.0)
	(0.022621	0.0	0.0)
	(0.000000	0.0	0.0)
	(0.000000	0.0	0.0)
	(0.897461	0.0	0.0)
	(1.749035	0.0	0.0)
	(1.806933	0.0	0.0)
	(1.862230	0.0	0.0)
	(1.906672	0.0	0.0)
	(1.919034	0.0	0.0)
	(1.919781	0.0	0.0)
	(1.925457	0.0	0.0)
	(1.944531	0.0	0.0)
	(1.977401	0.0	0.0)
	(2.016810	0.0	0.0)
	(2.052486	0.0	0.0)
	(2.075763	0.0	0.0)
	(2.080012	0.0	0.0)
	(2.060633	0.0	0.0)
	(2.015062	0.0	0.0)
	(1.942765	0.0	0.0)
	(1.845241	0.0	0.0)
	(1.726023	0.0	0.0)
	(1.590675	0.0	0.0)
	(1.446677	0.0	0.0)
	(1.302139	0.0	0.0)
	(1.164520	0.0	0.0)
	(1.040503	0.0	0.0)
	(0.936004	0.0	0.0)
	(0.856062	0.0	0.0)
	(0.803709	0.0	0.0)
	(0.778831	0.0	0.0)
	(0.778069	0.0	0.0)
	(0.794814	0.0	0.0)
	(0.819414	0.0	0.0)
	(0.841393	0.0	0.0)
	(0.851672	0.0	0.0)
	(0.842773	0.0	0.0)
	(0.808814	0.0	0.0)
	(0.699495	0.0	0.0)
	(0.137659	0.0	0.0)
	(0.000000	0.0	0.0)
	(0.022621	0.0	0.0)
	(0.000000	0.0	0.0)
	(0.000000	0.0	0.0)
	(0.897461	0.0	0.0)
	(1.749035	0.0	0.0)
	(1.806933	0.0	0.0)
	(1.862230	0.0	0.0)
	(1.906672	0.0	0.0)
	(1.919034	0.0	0.0)
	(1.919781	0.0	0.0)
	(1.925457	0.0	0.0)
	(1.944531	0.0	0.0)
	(1.977401	0.0	0.0)
	(2.016810	0.0	0.0)
	(2.052486	0.0	0.0)
	(2.075763	0.0	0.0)
	(2.080012	0.0	0.0)
	(2.060633	0.0	0.0)
	(2.015062	0.0	0.0)
	(1.942765	0.0	0.0)
	(1.845241	0.0	0.0)
	(1.726023	0.0	0.0)
	(1.590675	0.0	0.0)
	(1.446677	0.0	0.0)
	(1.302139	0.0	0.0)
	(1.164520	0.0	0.0)
	(1.040503	0.0	0.0)
	(0.936004	0.0	0.0)
	(0.856062	0.0	0.0)
	(0.803709	0.0	0.0)
	(0.778831	0.0	0.0)
	(0.778069	0.0	0.0)
	(0.794814	0.0	0.0)
	(0.819414	0.0	0.0)
	(0.841393	0.0	0.0)
	(0.851672	0.0	0.0)
	(0.842773	0.0	0.0)
	(0.808814	0.0	0.0)
	(0.699495	0.0	0.0)
	(0.137659	0.0	0.0)
	(0.000000	0.0	0.0)
	(0.022621	0.0	0.0)
	(0.000000	0.0	0.0)
	(0.000000	0.0	0.0)
	(0.897461	0.0	0.0)
	(1.749035	0.0	0.0)
	(1.806933	0.0	0.0)
	(1.862230	0.0	0.0)
	(1.906672	0.0	0.0)
	(1.919034	0.0	0.0)
	(1.919781	0.0	0.0)
	(1.925457	0.0	0.0)
	(1.944531	0.0	0.0)
	(1.977401	0.0	0.0)
	(2.016810	0.0	0.0)
	(2.052486	0.0	0.0)
	(2.075763	0.0	0.0)
	(2.080012	0.0	0.0)
	(2.060633	0.0	0.0)
	(2.015062	0.0	0.0)
	(1.942765	0.0	0.0)
	(1.845241	0.0	0.0)
	(1.726023	0.0	0.0)
	(1.590675	0.0	0.0)
	(1.446677	0.0	0.0)
	(1.302139	0.0	0.0)
	(1.164520	0.0	0.0)
	(1.040503	0.0	0.0)
	(0.936004	0.0	0.0)
	(0.856062	0.0	0.0)
	(0.803709	0.0	0.0)
	(0.778831	0.0	0.0)
	(0.778069	0.0	0.0)
	(0.794814	0.0	0.0)
	(0.819414	0.0	0.0)
	(0.841393	0.0	0.0)
	(0.851672	0.0	0.0)
	(0.842773	0.0	0.0)
	(0.808814	0.0	0.0)
	(0.699495	0.0	0.0)
	(0.137659	0.0	0.0)
	(0.000000	0.0	0.0)
	(0.022621	0.0	0.0)
	(0.000000	0.0	0.0)
	(0.0	0.0	0.0)
	(0.0	0.0	0.0)
	(0.0	0.0	0.0)
	(0.0	0.0	0.0)
	(0.0	0.0	0.0)
	(0.0	0.0	0.0)
	(0.0	0.0	0.0)
	(0.0	0.0	0.0)
	(0.0	0.0	0.0)
	(0.0	0.0	0.0)
	(0.0	0.0	0.0)
	(0.0	0.0	0.0)
	(0.0	0.0	0.0)
	(0.0	0.0	0.0)
	(0.0	0.0	0.0)
	(0.0	0.0	0.0)
	(0.0	0.0	0.0)
	(0.0	0.0	0.0)
	(0.0	0.0	0.0)
	(0.0	0.0	0.0)
	(0.0	0.0	0.0)
	(0.0	0.0	0.0)
	(0.0	0.0	0.0)
	(0.0	0.0	0.0)
	(0.0	0.0	0.0)
	(0.0	0.0	0.0)
	(0.0	0.0	0.0)
	(0.0	0.0	0.0)
	(0.0	0.0	0.0)
	(0.0	0.0	0.0)
	(0.0	0.0	0.0)
	(0.0	0.0	0.0)
	(0.0	0.0	0.0)
	(0.0	0.0	0.0)
	(0.0	0.0	0.0)
	(0.0	0.0	0.0)
	(0.0	0.0	0.0)
	(0.0	0.0	0.0)
	(0.0	0.0	0.0)
	(0.0	0.0	0.0)
	(0.0	0.0	0.0)
)