/*--------------------------------*- C++ -*----------------------------------*\
| =========                 |                                                 |
| \\      /  F ield         | OpenFOAM: The Open Source CFD Toolbox           |
|  \\    /   O peration     | Version:  3.0.1                                 |
|   \\  /    A nd           | Web:      www.OpenFOAM.org                      |
|    \\/     M anipulation  |                                                 |
\*---------------------------------------------------------------------------*/
FoamFile
{
    version     2.0;
    format      ascii;
    class       faceList;
    location    "constant/polyMesh";
    object      faces;
}
// * * * * * * * * * * * * * * * * * * * * * * * * * * * * * * * * * * * * * //


49
(
4(1 11 14 4)
4(3 4 14 13)
4(10 13 14 11)
4(6 7 17 16)
4(13 16 17 14)
4(13 14 23 22)
4(20 22 23 21)
4(22 24 25 23)
4(22 23 29 28)
4(26 28 29 27)
4(32 34 35 33)
4(0 3 13 10)
4(3 6 16 13)
4(6 8 18 16)
4(10 13 22 20)
4(13 16 24 22)
4(20 22 28 26)
4(22 24 30 28)
4(26 28 34 32)
4(32 34 38 36)
4(0 10 11 1)
4(1 11 12 2)
4(10 20 21 11)
4(20 26 27 21)
4(26 32 33 27)
4(32 36 37 33)
4(0 1 4 3)
4(1 2 5 4)
4(3 4 7 6)
4(6 7 9 8)
4(2 12 15 5)
4(4 5 15 14)
4(11 14 15 12)
4(4 14 17 7)
4(7 17 19 9)
4(8 9 19 18)
4(16 18 19 17)
4(11 21 23 14)
4(14 23 25 17)
4(16 17 25 24)
4(21 27 29 23)
4(23 29 31 25)
4(24 25 31 30)
4(28 30 31 29)
4(27 33 35 29)
4(28 29 35 34)
4(33 37 39 35)
4(34 35 39 38)
4(36 38 39 37)
)


// ************************************************************************* //
