/*--------------------------------*- C++ -*----------------------------------*\
| =========                 |                                                 |
| \\      /  F ield         | OpenFOAM: The Open Source CFD Toolbox           |
|  \\    /   O peration     | Version:  3.0.1                                 |
|   \\  /    A nd           | Web:      www.OpenFOAM.org                      |
|    \\/     M anipulation  |                                                 |
\*---------------------------------------------------------------------------*/
FoamFile
{
    version     2.0;
    format      ascii;
    class       vectorField;
    location    "constant/polyMesh";
    object      points;
}
// * * * * * * * * * * * * * * * * * * * * * * * * * * * * * * * * * * * * * //


4305
(
(0 0 577)
(25 0 562.575)
(50 0 548.15)
(75 0 533.725)
(100 0 519.3)
(125 0 504.875)
(150 0 490.45)
(175 0 476.025)
(200 0 461.6)
(225 0 447.175)
(250 0 432.75)
(275 0 418.325)
(300 0 403.9)
(325 0 389.475)
(350 0 375.05)
(375 0 360.625)
(400 0 346.2)
(425 0 331.775)
(450 0 317.35)
(475 0 302.925)
(500 0 288.5)
(525 0 274.075)
(550 0 259.65)
(575 0 245.225)
(600 0 230.8)
(625 0 216.375)
(650 0 201.95)
(675 0 187.525)
(700 0 173.1)
(725 0 158.675)
(750 0 144.25)
(775 0 129.825)
(800 0 115.4)
(825 0 100.975)
(850 0 86.55)
(875 0 72.125)
(900 0 57.7)
(925 0 43.275)
(950 0 28.85)
(975 0 14.425)
(1000 0 0)
(0 25 577)
(25 25 562.575)
(50 25 548.15)
(75 25 533.725)
(100 25 519.3)
(125 25 504.875)
(150 25 490.45)
(175 25 476.025)
(200 25 461.6)
(225 25 447.175)
(250 25 432.75)
(275 25 418.325)
(300 25 403.9)
(325 25 389.475)
(350 25 375.05)
(375 25 360.625)
(400 25 346.2)
(425 25 331.775)
(450 25 317.35)
(475 25 302.925)
(500 25 288.5)
(525 25 274.075)
(550 25 259.65)
(575 25 245.225)
(600 25 230.8)
(625 25 216.375)
(650 25 201.95)
(675 25 187.525)
(700 25 173.1)
(725 25 158.675)
(750 25 144.25)
(775 25 129.825)
(800 25 115.4)
(825 25 100.975)
(850 25 86.55)
(875 25 72.125)
(900 25 57.7)
(925 25 43.275)
(950 25 28.85)
(975 25 14.425)
(1000 25 0)
(0 50 577)
(25 50 562.575)
(50 50 548.15)
(75 50 533.725)
(100 50 519.3)
(125 50 504.875)
(150 50 490.45)
(175 50 476.025)
(200 50 461.6)
(225 50 447.175)
(250 50 432.75)
(275 50 418.325)
(300 50 403.9)
(325 50 389.475)
(350 50 375.05)
(375 50 360.625)
(400 50 346.2)
(425 50 331.775)
(450 50 317.35)
(475 50 302.925)
(500 50 288.5)
(525 50 274.075)
(550 50 259.65)
(575 50 245.225)
(600 50 230.8)
(625 50 216.375)
(650 50 201.95)
(675 50 187.525)
(700 50 173.1)
(725 50 158.675)
(750 50 144.25)
(775 50 129.825)
(800 50 115.4)
(825 50 100.975)
(850 50 86.55)
(875 50 72.125)
(900 50 57.7)
(925 50 43.275)
(950 50 28.85)
(975 50 14.425)
(1000 50 0)
(0 75 577)
(25 75 562.575)
(50 75 548.15)
(75 75 533.725)
(100 75 519.3)
(125 75 504.875)
(150 75 490.45)
(175 75 476.025)
(200 75 461.6)
(225 75 447.175)
(250 75 432.75)
(275 75 418.325)
(300 75 403.9)
(325 75 389.475)
(350 75 375.05)
(375 75 360.625)
(400 75 346.2)
(425 75 331.775)
(450 75 317.35)
(475 75 302.925)
(500 75 288.5)
(525 75 274.075)
(550 75 259.65)
(575 75 245.225)
(600 75 230.8)
(625 75 216.375)
(650 75 201.95)
(675 75 187.525)
(700 75 173.1)
(725 75 158.675)
(750 75 144.25)
(775 75 129.825)
(800 75 115.4)
(825 75 100.975)
(850 75 86.55)
(875 75 72.125)
(900 75 57.7)
(925 75 43.275)
(950 75 28.85)
(975 75 14.425)
(1000 75 0)
(0 100 577)
(25 100 562.575)
(50 100 548.15)
(75 100 533.725)
(100 100 519.3)
(125 100 504.875)
(150 100 490.45)
(175 100 476.025)
(200 100 461.6)
(225 100 447.175)
(250 100 432.75)
(275 100 418.325)
(300 100 403.9)
(325 100 389.475)
(350 100 375.05)
(375 100 360.625)
(400 100 346.2)
(425 100 331.775)
(450 100 317.35)
(475 100 302.925)
(500 100 288.5)
(525 100 274.075)
(550 100 259.65)
(575 100 245.225)
(600 100 230.8)
(625 100 216.375)
(650 100 201.95)
(675 100 187.525)
(700 100 173.1)
(725 100 158.675)
(750 100 144.25)
(775 100 129.825)
(800 100 115.4)
(825 100 100.975)
(850 100 86.55)
(875 100 72.125)
(900 100 57.7)
(925 100 43.275)
(950 100 28.85)
(975 100 14.425)
(1000 100 0)
(0 125 577)
(25 125 562.575)
(50 125 548.15)
(75 125 533.725)
(100 125 519.3)
(125 125 504.875)
(150 125 490.45)
(175 125 476.025)
(200 125 461.6)
(225 125 447.175)
(250 125 432.75)
(275 125 418.325)
(300 125 403.9)
(325 125 389.475)
(350 125 375.05)
(375 125 360.625)
(400 125 346.2)
(425 125 331.775)
(450 125 317.35)
(475 125 302.925)
(500 125 288.5)
(525 125 274.075)
(550 125 259.65)
(575 125 245.225)
(600 125 230.8)
(625 125 216.375)
(650 125 201.95)
(675 125 187.525)
(700 125 173.1)
(725 125 158.675)
(750 125 144.25)
(775 125 129.825)
(800 125 115.4)
(825 125 100.975)
(850 125 86.55)
(875 125 72.125)
(900 125 57.7)
(925 125 43.275)
(950 125 28.85)
(975 125 14.425)
(1000 125 0)
(0 150 577)
(25 150 562.575)
(50 150 548.15)
(75 150 533.725)
(100 150 519.3)
(125 150 504.875)
(150 150 490.45)
(175 150 476.025)
(200 150 461.6)
(225 150 447.175)
(250 150 432.75)
(275 150 418.325)
(300 150 403.9)
(325 150 389.475)
(350 150 375.05)
(375 150 360.625)
(400 150 346.2)
(425 150 331.775)
(450 150 317.35)
(475 150 302.925)
(500 150 288.5)
(525 150 274.075)
(550 150 259.65)
(575 150 245.225)
(600 150 230.8)
(625 150 216.375)
(650 150 201.95)
(675 150 187.525)
(700 150 173.1)
(725 150 158.675)
(750 150 144.25)
(775 150 129.825)
(800 150 115.4)
(825 150 100.975)
(850 150 86.55)
(875 150 72.125)
(900 150 57.7)
(925 150 43.275)
(950 150 28.85)
(975 150 14.425)
(1000 150 0)
(0 175 577)
(25 175 562.575)
(50 175 548.15)
(75 175 533.725)
(100 175 519.3)
(125 175 504.875)
(150 175 490.45)
(175 175 476.025)
(200 175 461.6)
(225 175 447.175)
(250 175 432.75)
(275 175 418.325)
(300 175 403.9)
(325 175 389.475)
(350 175 375.05)
(375 175 360.625)
(400 175 346.2)
(425 175 331.775)
(450 175 317.35)
(475 175 302.925)
(500 175 288.5)
(525 175 274.075)
(550 175 259.65)
(575 175 245.225)
(600 175 230.8)
(625 175 216.375)
(650 175 201.95)
(675 175 187.525)
(700 175 173.1)
(725 175 158.675)
(750 175 144.25)
(775 175 129.825)
(800 175 115.4)
(825 175 100.975)
(850 175 86.55)
(875 175 72.125)
(900 175 57.7)
(925 175 43.275)
(950 175 28.85)
(975 175 14.425)
(1000 175 0)
(0 200 577)
(25 200 562.575)
(50 200 548.15)
(75 200 533.725)
(100 200 519.3)
(125 200 504.875)
(150 200 490.45)
(175 200 476.025)
(200 200 461.6)
(225 200 447.175)
(250 200 432.75)
(275 200 418.325)
(300 200 403.9)
(325 200 389.475)
(350 200 375.05)
(375 200 360.625)
(400 200 346.2)
(425 200 331.775)
(450 200 317.35)
(475 200 302.925)
(500 200 288.5)
(525 200 274.075)
(550 200 259.65)
(575 200 245.225)
(600 200 230.8)
(625 200 216.375)
(650 200 201.95)
(675 200 187.525)
(700 200 173.1)
(725 200 158.675)
(750 200 144.25)
(775 200 129.825)
(800 200 115.4)
(825 200 100.975)
(850 200 86.55)
(875 200 72.125)
(900 200 57.7)
(925 200 43.275)
(950 200 28.85)
(975 200 14.425)
(1000 200 0)
(0 225 577)
(25 225 562.575)
(50 225 548.15)
(75 225 533.725)
(100 225 519.3)
(125 225 504.875)
(150 225 490.45)
(175 225 476.025)
(200 225 461.6)
(225 225 447.175)
(250 225 432.75)
(275 225 418.325)
(300 225 403.9)
(325 225 389.475)
(350 225 375.05)
(375 225 360.625)
(400 225 346.2)
(425 225 331.775)
(450 225 317.35)
(475 225 302.925)
(500 225 288.5)
(525 225 274.075)
(550 225 259.65)
(575 225 245.225)
(600 225 230.8)
(625 225 216.375)
(650 225 201.95)
(675 225 187.525)
(700 225 173.1)
(725 225 158.675)
(750 225 144.25)
(775 225 129.825)
(800 225 115.4)
(825 225 100.975)
(850 225 86.55)
(875 225 72.125)
(900 225 57.7)
(925 225 43.275)
(950 225 28.85)
(975 225 14.425)
(1000 225 0)
(0 250 577)
(25 250 562.575)
(50 250 548.15)
(75 250 533.725)
(100 250 519.3)
(125 250 504.875)
(150 250 490.45)
(175 250 476.025)
(200 250 461.6)
(225 250 447.175)
(250 250 432.75)
(275 250 418.325)
(300 250 403.9)
(325 250 389.475)
(350 250 375.05)
(375 250 360.625)
(400 250 346.2)
(425 250 331.775)
(450 250 317.35)
(475 250 302.925)
(500 250 288.5)
(525 250 274.075)
(550 250 259.65)
(575 250 245.225)
(600 250 230.8)
(625 250 216.375)
(650 250 201.95)
(675 250 187.525)
(700 250 173.1)
(725 250 158.675)
(750 250 144.25)
(775 250 129.825)
(800 250 115.4)
(825 250 100.975)
(850 250 86.55)
(875 250 72.125)
(900 250 57.7)
(925 250 43.275)
(950 250 28.85)
(975 250 14.425)
(1000 250 0)
(0 275 577)
(25 275 562.575)
(50 275 548.15)
(75 275 533.725)
(100 275 519.3)
(125 275 504.875)
(150 275 490.45)
(175 275 476.025)
(200 275 461.6)
(225 275 447.175)
(250 275 432.75)
(275 275 418.325)
(300 275 403.9)
(325 275 389.475)
(350 275 375.05)
(375 275 360.625)
(400 275 346.2)
(425 275 331.775)
(450 275 317.35)
(475 275 302.925)
(500 275 288.5)
(525 275 274.075)
(550 275 259.65)
(575 275 245.225)
(600 275 230.8)
(625 275 216.375)
(650 275 201.95)
(675 275 187.525)
(700 275 173.1)
(725 275 158.675)
(750 275 144.25)
(775 275 129.825)
(800 275 115.4)
(825 275 100.975)
(850 275 86.55)
(875 275 72.125)
(900 275 57.7)
(925 275 43.275)
(950 275 28.85)
(975 275 14.425)
(1000 275 0)
(0 300 577)
(25 300 562.575)
(50 300 548.15)
(75 300 533.725)
(100 300 519.3)
(125 300 504.875)
(150 300 490.45)
(175 300 476.025)
(200 300 461.6)
(225 300 447.175)
(250 300 432.75)
(275 300 418.325)
(300 300 403.9)
(325 300 389.475)
(350 300 375.05)
(375 300 360.625)
(400 300 346.2)
(425 300 331.775)
(450 300 317.35)
(475 300 302.925)
(500 300 288.5)
(525 300 274.075)
(550 300 259.65)
(575 300 245.225)
(600 300 230.8)
(625 300 216.375)
(650 300 201.95)
(675 300 187.525)
(700 300 173.1)
(725 300 158.675)
(750 300 144.25)
(775 300 129.825)
(800 300 115.4)
(825 300 100.975)
(850 300 86.55)
(875 300 72.125)
(900 300 57.7)
(925 300 43.275)
(950 300 28.85)
(975 300 14.425)
(1000 300 0)
(0 325 577)
(25 325 562.575)
(50 325 548.15)
(75 325 533.725)
(100 325 519.3)
(125 325 504.875)
(150 325 490.45)
(175 325 476.025)
(200 325 461.6)
(225 325 447.175)
(250 325 432.75)
(275 325 418.325)
(300 325 403.9)
(325 325 389.475)
(350 325 375.05)
(375 325 360.625)
(400 325 346.2)
(425 325 331.775)
(450 325 317.35)
(475 325 302.925)
(500 325 288.5)
(525 325 274.075)
(550 325 259.65)
(575 325 245.225)
(600 325 230.8)
(625 325 216.375)
(650 325 201.95)
(675 325 187.525)
(700 325 173.1)
(725 325 158.675)
(750 325 144.25)
(775 325 129.825)
(800 325 115.4)
(825 325 100.975)
(850 325 86.55)
(875 325 72.125)
(900 325 57.7)
(925 325 43.275)
(950 325 28.85)
(975 325 14.425)
(1000 325 0)
(0 350 577)
(25 350 562.575)
(50 350 548.15)
(75 350 533.725)
(100 350 519.3)
(125 350 504.875)
(150 350 490.45)
(175 350 476.025)
(200 350 461.6)
(225 350 447.175)
(250 350 432.75)
(275 350 418.325)
(300 350 403.9)
(325 350 389.475)
(350 350 375.05)
(375 350 360.625)
(400 350 346.2)
(425 350 331.775)
(450 350 317.35)
(475 350 302.925)
(500 350 288.5)
(525 350 274.075)
(550 350 259.65)
(575 350 245.225)
(600 350 230.8)
(625 350 216.375)
(650 350 201.95)
(675 350 187.525)
(700 350 173.1)
(725 350 158.675)
(750 350 144.25)
(775 350 129.825)
(800 350 115.4)
(825 350 100.975)
(850 350 86.55)
(875 350 72.125)
(900 350 57.7)
(925 350 43.275)
(950 350 28.85)
(975 350 14.425)
(1000 350 0)
(0 375 577)
(25 375 562.575)
(50 375 548.15)
(75 375 533.725)
(100 375 519.3)
(125 375 504.875)
(150 375 490.45)
(175 375 476.025)
(200 375 461.6)
(225 375 447.175)
(250 375 432.75)
(275 375 418.325)
(300 375 403.9)
(325 375 389.475)
(350 375 375.05)
(375 375 360.625)
(400 375 346.2)
(425 375 331.775)
(450 375 317.35)
(475 375 302.925)
(500 375 288.5)
(525 375 274.075)
(550 375 259.65)
(575 375 245.225)
(600 375 230.8)
(625 375 216.375)
(650 375 201.95)
(675 375 187.525)
(700 375 173.1)
(725 375 158.675)
(750 375 144.25)
(775 375 129.825)
(800 375 115.4)
(825 375 100.975)
(850 375 86.55)
(875 375 72.125)
(900 375 57.7)
(925 375 43.275)
(950 375 28.85)
(975 375 14.425)
(1000 375 0)
(0 400 577)
(25 400 562.575)
(50 400 548.15)
(75 400 533.725)
(100 400 519.3)
(125 400 504.875)
(150 400 490.45)
(175 400 476.025)
(200 400 461.6)
(225 400 447.175)
(250 400 432.75)
(275 400 418.325)
(300 400 403.9)
(325 400 389.475)
(350 400 375.05)
(375 400 360.625)
(400 400 346.2)
(425 400 331.775)
(450 400 317.35)
(475 400 302.925)
(500 400 288.5)
(525 400 274.075)
(550 400 259.65)
(575 400 245.225)
(600 400 230.8)
(625 400 216.375)
(650 400 201.95)
(675 400 187.525)
(700 400 173.1)
(725 400 158.675)
(750 400 144.25)
(775 400 129.825)
(800 400 115.4)
(825 400 100.975)
(850 400 86.55)
(875 400 72.125)
(900 400 57.7)
(925 400 43.275)
(950 400 28.85)
(975 400 14.425)
(1000 400 0)
(0 425 577)
(25 425 562.575)
(50 425 548.15)
(75 425 533.725)
(100 425 519.3)
(125 425 504.875)
(150 425 490.45)
(175 425 476.025)
(200 425 461.6)
(225 425 447.175)
(250 425 432.75)
(275 425 418.325)
(300 425 403.9)
(325 425 389.475)
(350 425 375.05)
(375 425 360.625)
(400 425 346.2)
(425 425 331.775)
(450 425 317.35)
(475 425 302.925)
(500 425 288.5)
(525 425 274.075)
(550 425 259.65)
(575 425 245.225)
(600 425 230.8)
(625 425 216.375)
(650 425 201.95)
(675 425 187.525)
(700 425 173.1)
(725 425 158.675)
(750 425 144.25)
(775 425 129.825)
(800 425 115.4)
(825 425 100.975)
(850 425 86.55)
(875 425 72.125)
(900 425 57.7)
(925 425 43.275)
(950 425 28.85)
(975 425 14.425)
(1000 425 0)
(0 450 577)
(25 450 562.575)
(50 450 548.15)
(75 450 533.725)
(100 450 519.3)
(125 450 504.875)
(150 450 490.45)
(175 450 476.025)
(200 450 461.6)
(225 450 447.175)
(250 450 432.75)
(275 450 418.325)
(300 450 403.9)
(325 450 389.475)
(350 450 375.05)
(375 450 360.625)
(400 450 346.2)
(425 450 331.775)
(450 450 317.35)
(475 450 302.925)
(500 450 288.5)
(525 450 274.075)
(550 450 259.65)
(575 450 245.225)
(600 450 230.8)
(625 450 216.375)
(650 450 201.95)
(675 450 187.525)
(700 450 173.1)
(725 450 158.675)
(750 450 144.25)
(775 450 129.825)
(800 450 115.4)
(825 450 100.975)
(850 450 86.55)
(875 450 72.125)
(900 450 57.7)
(925 450 43.275)
(950 450 28.85)
(975 450 14.425)
(1000 450 0)
(0 475 577)
(25 475 562.575)
(50 475 548.15)
(75 475 533.725)
(100 475 519.3)
(125 475 504.875)
(150 475 490.45)
(175 475 476.025)
(200 475 461.6)
(225 475 447.175)
(250 475 432.75)
(275 475 418.325)
(300 475 403.9)
(325 475 389.475)
(350 475 375.05)
(375 475 360.625)
(400 475 346.2)
(425 475 331.775)
(450 475 317.35)
(475 475 302.925)
(500 475 288.5)
(525 475 274.075)
(550 475 259.65)
(575 475 245.225)
(600 475 230.8)
(625 475 216.375)
(650 475 201.95)
(675 475 187.525)
(700 475 173.1)
(725 475 158.675)
(750 475 144.25)
(775 475 129.825)
(800 475 115.4)
(825 475 100.975)
(850 475 86.55)
(875 475 72.125)
(900 475 57.7)
(925 475 43.275)
(950 475 28.85)
(975 475 14.425)
(1000 475 0)
(0 500 577)
(25 500 562.575)
(50 500 548.15)
(75 500 533.725)
(100 500 519.3)
(125 500 504.875)
(150 500 490.45)
(175 500 476.025)
(200 500 461.6)
(225 500 447.175)
(250 500 432.75)
(275 500 418.325)
(300 500 403.9)
(325 500 389.475)
(350 500 375.05)
(375 500 360.625)
(400 500 346.2)
(425 500 331.775)
(450 500 317.35)
(475 500 302.925)
(500 500 288.5)
(525 500 274.075)
(550 500 259.65)
(575 500 245.225)
(600 500 230.8)
(625 500 216.375)
(650 500 201.95)
(675 500 187.525)
(700 500 173.1)
(725 500 158.675)
(750 500 144.25)
(775 500 129.825)
(800 500 115.4)
(825 500 100.975)
(850 500 86.55)
(875 500 72.125)
(900 500 57.7)
(925 500 43.275)
(950 500 28.85)
(975 500 14.425)
(1000 500 0)
(0 0 582)
(25 0 567.575)
(50 0 553.15)
(75 0 538.725)
(100 0 524.3)
(125 0 509.875)
(150 0 495.45)
(175 0 481.025)
(200 0 466.6)
(225 0 452.175)
(250 0 437.75)
(275 0 423.325)
(300 0 408.9)
(325 0 394.475)
(350 0 380.05)
(375 0 365.625)
(400 0 351.2)
(425 0 336.775)
(450 0 322.35)
(475 0 307.925)
(500 0 293.5)
(525 0 279.075)
(550 0 264.65)
(575 0 250.225)
(600 0 235.8)
(625 0 221.375)
(650 0 206.95)
(675 0 192.525)
(700 0 178.1)
(725 0 163.675)
(750 0 149.25)
(775 0 134.825)
(800 0 120.4)
(825 0 105.975)
(850 0 91.55)
(875 0 77.125)
(900 0 62.7)
(925 0 48.275)
(950 0 33.85)
(975 0 19.425)
(1000 0 5)
(0 25 582)
(25 25 567.575)
(50 25 553.15)
(75 25 538.725)
(100 25 524.3)
(125 25 509.875)
(150 25 495.45)
(175 25 481.025)
(200 25 466.6)
(225 25 452.175)
(250 25 437.75)
(275 25 423.325)
(300 25 408.9)
(325 25 394.475)
(350 25 380.05)
(375 25 365.625)
(400 25 351.2)
(425 25 336.775)
(450 25 322.35)
(475 25 307.925)
(500 25 293.5)
(525 25 279.075)
(550 25 264.65)
(575 25 250.225)
(600 25 235.8)
(625 25 221.375)
(650 25 206.95)
(675 25 192.525)
(700 25 178.1)
(725 25 163.675)
(750 25 149.25)
(775 25 134.825)
(800 25 120.4)
(825 25 105.975)
(850 25 91.55)
(875 25 77.125)
(900 25 62.7)
(925 25 48.275)
(950 25 33.85)
(975 25 19.425)
(1000 25 5)
(0 50 582)
(25 50 567.575)
(50 50 553.15)
(75 50 538.725)
(100 50 524.3)
(125 50 509.875)
(150 50 495.45)
(175 50 481.025)
(200 50 466.6)
(225 50 452.175)
(250 50 437.75)
(275 50 423.325)
(300 50 408.9)
(325 50 394.475)
(350 50 380.05)
(375 50 365.625)
(400 50 351.2)
(425 50 336.775)
(450 50 322.35)
(475 50 307.925)
(500 50 293.5)
(525 50 279.075)
(550 50 264.65)
(575 50 250.225)
(600 50 235.8)
(625 50 221.375)
(650 50 206.95)
(675 50 192.525)
(700 50 178.1)
(725 50 163.675)
(750 50 149.25)
(775 50 134.825)
(800 50 120.4)
(825 50 105.975)
(850 50 91.55)
(875 50 77.125)
(900 50 62.7)
(925 50 48.275)
(950 50 33.85)
(975 50 19.425)
(1000 50 5)
(0 75 582)
(25 75 567.575)
(50 75 553.15)
(75 75 538.725)
(100 75 524.3)
(125 75 509.875)
(150 75 495.45)
(175 75 481.025)
(200 75 466.6)
(225 75 452.175)
(250 75 437.75)
(275 75 423.325)
(300 75 408.9)
(325 75 394.475)
(350 75 380.05)
(375 75 365.625)
(400 75 351.2)
(425 75 336.775)
(450 75 322.35)
(475 75 307.925)
(500 75 293.5)
(525 75 279.075)
(550 75 264.65)
(575 75 250.225)
(600 75 235.8)
(625 75 221.375)
(650 75 206.95)
(675 75 192.525)
(700 75 178.1)
(725 75 163.675)
(750 75 149.25)
(775 75 134.825)
(800 75 120.4)
(825 75 105.975)
(850 75 91.55)
(875 75 77.125)
(900 75 62.7)
(925 75 48.275)
(950 75 33.85)
(975 75 19.425)
(1000 75 5)
(0 100 582)
(25 100 567.575)
(50 100 553.15)
(75 100 538.725)
(100 100 524.3)
(125 100 509.875)
(150 100 495.45)
(175 100 481.025)
(200 100 466.6)
(225 100 452.175)
(250 100 437.75)
(275 100 423.325)
(300 100 408.9)
(325 100 394.475)
(350 100 380.05)
(375 100 365.625)
(400 100 351.2)
(425 100 336.775)
(450 100 322.35)
(475 100 307.925)
(500 100 293.5)
(525 100 279.075)
(550 100 264.65)
(575 100 250.225)
(600 100 235.8)
(625 100 221.375)
(650 100 206.95)
(675 100 192.525)
(700 100 178.1)
(725 100 163.675)
(750 100 149.25)
(775 100 134.825)
(800 100 120.4)
(825 100 105.975)
(850 100 91.55)
(875 100 77.125)
(900 100 62.7)
(925 100 48.275)
(950 100 33.85)
(975 100 19.425)
(1000 100 5)
(0 125 582)
(25 125 567.575)
(50 125 553.15)
(75 125 538.725)
(100 125 524.3)
(125 125 509.875)
(150 125 495.45)
(175 125 481.025)
(200 125 466.6)
(225 125 452.175)
(250 125 437.75)
(275 125 423.325)
(300 125 408.9)
(325 125 394.475)
(350 125 380.05)
(375 125 365.625)
(400 125 351.2)
(425 125 336.775)
(450 125 322.35)
(475 125 307.925)
(500 125 293.5)
(525 125 279.075)
(550 125 264.65)
(575 125 250.225)
(600 125 235.8)
(625 125 221.375)
(650 125 206.95)
(675 125 192.525)
(700 125 178.1)
(725 125 163.675)
(750 125 149.25)
(775 125 134.825)
(800 125 120.4)
(825 125 105.975)
(850 125 91.55)
(875 125 77.125)
(900 125 62.7)
(925 125 48.275)
(950 125 33.85)
(975 125 19.425)
(1000 125 5)
(0 150 582)
(25 150 567.575)
(50 150 553.15)
(75 150 538.725)
(100 150 524.3)
(125 150 509.875)
(150 150 495.45)
(175 150 481.025)
(200 150 466.6)
(225 150 452.175)
(250 150 437.75)
(275 150 423.325)
(300 150 408.9)
(325 150 394.475)
(350 150 380.05)
(375 150 365.625)
(400 150 351.2)
(425 150 336.775)
(450 150 322.35)
(475 150 307.925)
(500 150 293.5)
(525 150 279.075)
(550 150 264.65)
(575 150 250.225)
(600 150 235.8)
(625 150 221.375)
(650 150 206.95)
(675 150 192.525)
(700 150 178.1)
(725 150 163.675)
(750 150 149.25)
(775 150 134.825)
(800 150 120.4)
(825 150 105.975)
(850 150 91.55)
(875 150 77.125)
(900 150 62.7)
(925 150 48.275)
(950 150 33.85)
(975 150 19.425)
(1000 150 5)
(0 175 582)
(25 175 567.575)
(50 175 553.15)
(75 175 538.725)
(100 175 524.3)
(125 175 509.875)
(150 175 495.45)
(175 175 481.025)
(200 175 466.6)
(225 175 452.175)
(250 175 437.75)
(275 175 423.325)
(300 175 408.9)
(325 175 394.475)
(350 175 380.05)
(375 175 365.625)
(400 175 351.2)
(425 175 336.775)
(450 175 322.35)
(475 175 307.925)
(500 175 293.5)
(525 175 279.075)
(550 175 264.65)
(575 175 250.225)
(600 175 235.8)
(625 175 221.375)
(650 175 206.95)
(675 175 192.525)
(700 175 178.1)
(725 175 163.675)
(750 175 149.25)
(775 175 134.825)
(800 175 120.4)
(825 175 105.975)
(850 175 91.55)
(875 175 77.125)
(900 175 62.7)
(925 175 48.275)
(950 175 33.85)
(975 175 19.425)
(1000 175 5)
(0 200 582)
(25 200 567.575)
(50 200 553.15)
(75 200 538.725)
(100 200 524.3)
(125 200 509.875)
(150 200 495.45)
(175 200 481.025)
(200 200 466.6)
(225 200 452.175)
(250 200 437.75)
(275 200 423.325)
(300 200 408.9)
(325 200 394.475)
(350 200 380.05)
(375 200 365.625)
(400 200 351.2)
(425 200 336.775)
(450 200 322.35)
(475 200 307.925)
(500 200 293.5)
(525 200 279.075)
(550 200 264.65)
(575 200 250.225)
(600 200 235.8)
(625 200 221.375)
(650 200 206.95)
(675 200 192.525)
(700 200 178.1)
(725 200 163.675)
(750 200 149.25)
(775 200 134.825)
(800 200 120.4)
(825 200 105.975)
(850 200 91.55)
(875 200 77.125)
(900 200 62.7)
(925 200 48.275)
(950 200 33.85)
(975 200 19.425)
(1000 200 5)
(0 225 582)
(25 225 567.575)
(50 225 553.15)
(75 225 538.725)
(100 225 524.3)
(125 225 509.875)
(150 225 495.45)
(175 225 481.025)
(200 225 466.6)
(225 225 452.175)
(250 225 437.75)
(275 225 423.325)
(300 225 408.9)
(325 225 394.475)
(350 225 380.05)
(375 225 365.625)
(400 225 351.2)
(425 225 336.775)
(450 225 322.35)
(475 225 307.925)
(500 225 293.5)
(525 225 279.075)
(550 225 264.65)
(575 225 250.225)
(600 225 235.8)
(625 225 221.375)
(650 225 206.95)
(675 225 192.525)
(700 225 178.1)
(725 225 163.675)
(750 225 149.25)
(775 225 134.825)
(800 225 120.4)
(825 225 105.975)
(850 225 91.55)
(875 225 77.125)
(900 225 62.7)
(925 225 48.275)
(950 225 33.85)
(975 225 19.425)
(1000 225 5)
(0 250 582)
(25 250 567.575)
(50 250 553.15)
(75 250 538.725)
(100 250 524.3)
(125 250 509.875)
(150 250 495.45)
(175 250 481.025)
(200 250 466.6)
(225 250 452.175)
(250 250 437.75)
(275 250 423.325)
(300 250 408.9)
(325 250 394.475)
(350 250 380.05)
(375 250 365.625)
(400 250 351.2)
(425 250 336.775)
(450 250 322.35)
(475 250 307.925)
(500 250 293.5)
(525 250 279.075)
(550 250 264.65)
(575 250 250.225)
(600 250 235.8)
(625 250 221.375)
(650 250 206.95)
(675 250 192.525)
(700 250 178.1)
(725 250 163.675)
(750 250 149.25)
(775 250 134.825)
(800 250 120.4)
(825 250 105.975)
(850 250 91.55)
(875 250 77.125)
(900 250 62.7)
(925 250 48.275)
(950 250 33.85)
(975 250 19.425)
(1000 250 5)
(0 275 582)
(25 275 567.575)
(50 275 553.15)
(75 275 538.725)
(100 275 524.3)
(125 275 509.875)
(150 275 495.45)
(175 275 481.025)
(200 275 466.6)
(225 275 452.175)
(250 275 437.75)
(275 275 423.325)
(300 275 408.9)
(325 275 394.475)
(350 275 380.05)
(375 275 365.625)
(400 275 351.2)
(425 275 336.775)
(450 275 322.35)
(475 275 307.925)
(500 275 293.5)
(525 275 279.075)
(550 275 264.65)
(575 275 250.225)
(600 275 235.8)
(625 275 221.375)
(650 275 206.95)
(675 275 192.525)
(700 275 178.1)
(725 275 163.675)
(750 275 149.25)
(775 275 134.825)
(800 275 120.4)
(825 275 105.975)
(850 275 91.55)
(875 275 77.125)
(900 275 62.7)
(925 275 48.275)
(950 275 33.85)
(975 275 19.425)
(1000 275 5)
(0 300 582)
(25 300 567.575)
(50 300 553.15)
(75 300 538.725)
(100 300 524.3)
(125 300 509.875)
(150 300 495.45)
(175 300 481.025)
(200 300 466.6)
(225 300 452.175)
(250 300 437.75)
(275 300 423.325)
(300 300 408.9)
(325 300 394.475)
(350 300 380.05)
(375 300 365.625)
(400 300 351.2)
(425 300 336.775)
(450 300 322.35)
(475 300 307.925)
(500 300 293.5)
(525 300 279.075)
(550 300 264.65)
(575 300 250.225)
(600 300 235.8)
(625 300 221.375)
(650 300 206.95)
(675 300 192.525)
(700 300 178.1)
(725 300 163.675)
(750 300 149.25)
(775 300 134.825)
(800 300 120.4)
(825 300 105.975)
(850 300 91.55)
(875 300 77.125)
(900 300 62.7)
(925 300 48.275)
(950 300 33.85)
(975 300 19.425)
(1000 300 5)
(0 325 582)
(25 325 567.575)
(50 325 553.15)
(75 325 538.725)
(100 325 524.3)
(125 325 509.875)
(150 325 495.45)
(175 325 481.025)
(200 325 466.6)
(225 325 452.175)
(250 325 437.75)
(275 325 423.325)
(300 325 408.9)
(325 325 394.475)
(350 325 380.05)
(375 325 365.625)
(400 325 351.2)
(425 325 336.775)
(450 325 322.35)
(475 325 307.925)
(500 325 293.5)
(525 325 279.075)
(550 325 264.65)
(575 325 250.225)
(600 325 235.8)
(625 325 221.375)
(650 325 206.95)
(675 325 192.525)
(700 325 178.1)
(725 325 163.675)
(750 325 149.25)
(775 325 134.825)
(800 325 120.4)
(825 325 105.975)
(850 325 91.55)
(875 325 77.125)
(900 325 62.7)
(925 325 48.275)
(950 325 33.85)
(975 325 19.425)
(1000 325 5)
(0 350 582)
(25 350 567.575)
(50 350 553.15)
(75 350 538.725)
(100 350 524.3)
(125 350 509.875)
(150 350 495.45)
(175 350 481.025)
(200 350 466.6)
(225 350 452.175)
(250 350 437.75)
(275 350 423.325)
(300 350 408.9)
(325 350 394.475)
(350 350 380.05)
(375 350 365.625)
(400 350 351.2)
(425 350 336.775)
(450 350 322.35)
(475 350 307.925)
(500 350 293.5)
(525 350 279.075)
(550 350 264.65)
(575 350 250.225)
(600 350 235.8)
(625 350 221.375)
(650 350 206.95)
(675 350 192.525)
(700 350 178.1)
(725 350 163.675)
(750 350 149.25)
(775 350 134.825)
(800 350 120.4)
(825 350 105.975)
(850 350 91.55)
(875 350 77.125)
(900 350 62.7)
(925 350 48.275)
(950 350 33.85)
(975 350 19.425)
(1000 350 5)
(0 375 582)
(25 375 567.575)
(50 375 553.15)
(75 375 538.725)
(100 375 524.3)
(125 375 509.875)
(150 375 495.45)
(175 375 481.025)
(200 375 466.6)
(225 375 452.175)
(250 375 437.75)
(275 375 423.325)
(300 375 408.9)
(325 375 394.475)
(350 375 380.05)
(375 375 365.625)
(400 375 351.2)
(425 375 336.775)
(450 375 322.35)
(475 375 307.925)
(500 375 293.5)
(525 375 279.075)
(550 375 264.65)
(575 375 250.225)
(600 375 235.8)
(625 375 221.375)
(650 375 206.95)
(675 375 192.525)
(700 375 178.1)
(725 375 163.675)
(750 375 149.25)
(775 375 134.825)
(800 375 120.4)
(825 375 105.975)
(850 375 91.55)
(875 375 77.125)
(900 375 62.7)
(925 375 48.275)
(950 375 33.85)
(975 375 19.425)
(1000 375 5)
(0 400 582)
(25 400 567.575)
(50 400 553.15)
(75 400 538.725)
(100 400 524.3)
(125 400 509.875)
(150 400 495.45)
(175 400 481.025)
(200 400 466.6)
(225 400 452.175)
(250 400 437.75)
(275 400 423.325)
(300 400 408.9)
(325 400 394.475)
(350 400 380.05)
(375 400 365.625)
(400 400 351.2)
(425 400 336.775)
(450 400 322.35)
(475 400 307.925)
(500 400 293.5)
(525 400 279.075)
(550 400 264.65)
(575 400 250.225)
(600 400 235.8)
(625 400 221.375)
(650 400 206.95)
(675 400 192.525)
(700 400 178.1)
(725 400 163.675)
(750 400 149.25)
(775 400 134.825)
(800 400 120.4)
(825 400 105.975)
(850 400 91.55)
(875 400 77.125)
(900 400 62.7)
(925 400 48.275)
(950 400 33.85)
(975 400 19.425)
(1000 400 5)
(0 425 582)
(25 425 567.575)
(50 425 553.15)
(75 425 538.725)
(100 425 524.3)
(125 425 509.875)
(150 425 495.45)
(175 425 481.025)
(200 425 466.6)
(225 425 452.175)
(250 425 437.75)
(275 425 423.325)
(300 425 408.9)
(325 425 394.475)
(350 425 380.05)
(375 425 365.625)
(400 425 351.2)
(425 425 336.775)
(450 425 322.35)
(475 425 307.925)
(500 425 293.5)
(525 425 279.075)
(550 425 264.65)
(575 425 250.225)
(600 425 235.8)
(625 425 221.375)
(650 425 206.95)
(675 425 192.525)
(700 425 178.1)
(725 425 163.675)
(750 425 149.25)
(775 425 134.825)
(800 425 120.4)
(825 425 105.975)
(850 425 91.55)
(875 425 77.125)
(900 425 62.7)
(925 425 48.275)
(950 425 33.85)
(975 425 19.425)
(1000 425 5)
(0 450 582)
(25 450 567.575)
(50 450 553.15)
(75 450 538.725)
(100 450 524.3)
(125 450 509.875)
(150 450 495.45)
(175 450 481.025)
(200 450 466.6)
(225 450 452.175)
(250 450 437.75)
(275 450 423.325)
(300 450 408.9)
(325 450 394.475)
(350 450 380.05)
(375 450 365.625)
(400 450 351.2)
(425 450 336.775)
(450 450 322.35)
(475 450 307.925)
(500 450 293.5)
(525 450 279.075)
(550 450 264.65)
(575 450 250.225)
(600 450 235.8)
(625 450 221.375)
(650 450 206.95)
(675 450 192.525)
(700 450 178.1)
(725 450 163.675)
(750 450 149.25)
(775 450 134.825)
(800 450 120.4)
(825 450 105.975)
(850 450 91.55)
(875 450 77.125)
(900 450 62.7)
(925 450 48.275)
(950 450 33.85)
(975 450 19.425)
(1000 450 5)
(0 475 582)
(25 475 567.575)
(50 475 553.15)
(75 475 538.725)
(100 475 524.3)
(125 475 509.875)
(150 475 495.45)
(175 475 481.025)
(200 475 466.6)
(225 475 452.175)
(250 475 437.75)
(275 475 423.325)
(300 475 408.9)
(325 475 394.475)
(350 475 380.05)
(375 475 365.625)
(400 475 351.2)
(425 475 336.775)
(450 475 322.35)
(475 475 307.925)
(500 475 293.5)
(525 475 279.075)
(550 475 264.65)
(575 475 250.225)
(600 475 235.8)
(625 475 221.375)
(650 475 206.95)
(675 475 192.525)
(700 475 178.1)
(725 475 163.675)
(750 475 149.25)
(775 475 134.825)
(800 475 120.4)
(825 475 105.975)
(850 475 91.55)
(875 475 77.125)
(900 475 62.7)
(925 475 48.275)
(950 475 33.85)
(975 475 19.425)
(1000 475 5)
(0 500 582)
(25 500 567.575)
(50 500 553.15)
(75 500 538.725)
(100 500 524.3)
(125 500 509.875)
(150 500 495.45)
(175 500 481.025)
(200 500 466.6)
(225 500 452.175)
(250 500 437.75)
(275 500 423.325)
(300 500 408.9)
(325 500 394.475)
(350 500 380.05)
(375 500 365.625)
(400 500 351.2)
(425 500 336.775)
(450 500 322.35)
(475 500 307.925)
(500 500 293.5)
(525 500 279.075)
(550 500 264.65)
(575 500 250.225)
(600 500 235.8)
(625 500 221.375)
(650 500 206.95)
(675 500 192.525)
(700 500 178.1)
(725 500 163.675)
(750 500 149.25)
(775 500 134.825)
(800 500 120.4)
(825 500 105.975)
(850 500 91.55)
(875 500 77.125)
(900 500 62.7)
(925 500 48.275)
(950 500 33.85)
(975 500 19.425)
(1000 500 5)
(0 0 587)
(25 0 572.575)
(50 0 558.15)
(75 0 543.725)
(100 0 529.3)
(125 0 514.875)
(150 0 500.45)
(175 0 486.025)
(200 0 471.6)
(225 0 457.175)
(250 0 442.75)
(275 0 428.325)
(300 0 413.9)
(325 0 399.475)
(350 0 385.05)
(375 0 370.625)
(400 0 356.2)
(425 0 341.775)
(450 0 327.35)
(475 0 312.925)
(500 0 298.5)
(525 0 284.075)
(550 0 269.65)
(575 0 255.225)
(600 0 240.8)
(625 0 226.375)
(650 0 211.95)
(675 0 197.525)
(700 0 183.1)
(725 0 168.675)
(750 0 154.25)
(775 0 139.825)
(800 0 125.4)
(825 0 110.975)
(850 0 96.55)
(875 0 82.125)
(900 0 67.7)
(925 0 53.275)
(950 0 38.85)
(975 0 24.425)
(1000 0 10)
(0 25 587)
(25 25 572.575)
(50 25 558.15)
(75 25 543.725)
(100 25 529.3)
(125 25 514.875)
(150 25 500.45)
(175 25 486.025)
(200 25 471.6)
(225 25 457.175)
(250 25 442.75)
(275 25 428.325)
(300 25 413.9)
(325 25 399.475)
(350 25 385.05)
(375 25 370.625)
(400 25 356.2)
(425 25 341.775)
(450 25 327.35)
(475 25 312.925)
(500 25 298.5)
(525 25 284.075)
(550 25 269.65)
(575 25 255.225)
(600 25 240.8)
(625 25 226.375)
(650 25 211.95)
(675 25 197.525)
(700 25 183.1)
(725 25 168.675)
(750 25 154.25)
(775 25 139.825)
(800 25 125.4)
(825 25 110.975)
(850 25 96.55)
(875 25 82.125)
(900 25 67.7)
(925 25 53.275)
(950 25 38.85)
(975 25 24.425)
(1000 25 10)
(0 50 587)
(25 50 572.575)
(50 50 558.15)
(75 50 543.725)
(100 50 529.3)
(125 50 514.875)
(150 50 500.45)
(175 50 486.025)
(200 50 471.6)
(225 50 457.175)
(250 50 442.75)
(275 50 428.325)
(300 50 413.9)
(325 50 399.475)
(350 50 385.05)
(375 50 370.625)
(400 50 356.2)
(425 50 341.775)
(450 50 327.35)
(475 50 312.925)
(500 50 298.5)
(525 50 284.075)
(550 50 269.65)
(575 50 255.225)
(600 50 240.8)
(625 50 226.375)
(650 50 211.95)
(675 50 197.525)
(700 50 183.1)
(725 50 168.675)
(750 50 154.25)
(775 50 139.825)
(800 50 125.4)
(825 50 110.975)
(850 50 96.55)
(875 50 82.125)
(900 50 67.7)
(925 50 53.275)
(950 50 38.85)
(975 50 24.425)
(1000 50 10)
(0 75 587)
(25 75 572.575)
(50 75 558.15)
(75 75 543.725)
(100 75 529.3)
(125 75 514.875)
(150 75 500.45)
(175 75 486.025)
(200 75 471.6)
(225 75 457.175)
(250 75 442.75)
(275 75 428.325)
(300 75 413.9)
(325 75 399.475)
(350 75 385.05)
(375 75 370.625)
(400 75 356.2)
(425 75 341.775)
(450 75 327.35)
(475 75 312.925)
(500 75 298.5)
(525 75 284.075)
(550 75 269.65)
(575 75 255.225)
(600 75 240.8)
(625 75 226.375)
(650 75 211.95)
(675 75 197.525)
(700 75 183.1)
(725 75 168.675)
(750 75 154.25)
(775 75 139.825)
(800 75 125.4)
(825 75 110.975)
(850 75 96.55)
(875 75 82.125)
(900 75 67.7)
(925 75 53.275)
(950 75 38.85)
(975 75 24.425)
(1000 75 10)
(0 100 587)
(25 100 572.575)
(50 100 558.15)
(75 100 543.725)
(100 100 529.3)
(125 100 514.875)
(150 100 500.45)
(175 100 486.025)
(200 100 471.6)
(225 100 457.175)
(250 100 442.75)
(275 100 428.325)
(300 100 413.9)
(325 100 399.475)
(350 100 385.05)
(375 100 370.625)
(400 100 356.2)
(425 100 341.775)
(450 100 327.35)
(475 100 312.925)
(500 100 298.5)
(525 100 284.075)
(550 100 269.65)
(575 100 255.225)
(600 100 240.8)
(625 100 226.375)
(650 100 211.95)
(675 100 197.525)
(700 100 183.1)
(725 100 168.675)
(750 100 154.25)
(775 100 139.825)
(800 100 125.4)
(825 100 110.975)
(850 100 96.55)
(875 100 82.125)
(900 100 67.7)
(925 100 53.275)
(950 100 38.85)
(975 100 24.425)
(1000 100 10)
(0 125 587)
(25 125 572.575)
(50 125 558.15)
(75 125 543.725)
(100 125 529.3)
(125 125 514.875)
(150 125 500.45)
(175 125 486.025)
(200 125 471.6)
(225 125 457.175)
(250 125 442.75)
(275 125 428.325)
(300 125 413.9)
(325 125 399.475)
(350 125 385.05)
(375 125 370.625)
(400 125 356.2)
(425 125 341.775)
(450 125 327.35)
(475 125 312.925)
(500 125 298.5)
(525 125 284.075)
(550 125 269.65)
(575 125 255.225)
(600 125 240.8)
(625 125 226.375)
(650 125 211.95)
(675 125 197.525)
(700 125 183.1)
(725 125 168.675)
(750 125 154.25)
(775 125 139.825)
(800 125 125.4)
(825 125 110.975)
(850 125 96.55)
(875 125 82.125)
(900 125 67.7)
(925 125 53.275)
(950 125 38.85)
(975 125 24.425)
(1000 125 10)
(0 150 587)
(25 150 572.575)
(50 150 558.15)
(75 150 543.725)
(100 150 529.3)
(125 150 514.875)
(150 150 500.45)
(175 150 486.025)
(200 150 471.6)
(225 150 457.175)
(250 150 442.75)
(275 150 428.325)
(300 150 413.9)
(325 150 399.475)
(350 150 385.05)
(375 150 370.625)
(400 150 356.2)
(425 150 341.775)
(450 150 327.35)
(475 150 312.925)
(500 150 298.5)
(525 150 284.075)
(550 150 269.65)
(575 150 255.225)
(600 150 240.8)
(625 150 226.375)
(650 150 211.95)
(675 150 197.525)
(700 150 183.1)
(725 150 168.675)
(750 150 154.25)
(775 150 139.825)
(800 150 125.4)
(825 150 110.975)
(850 150 96.55)
(875 150 82.125)
(900 150 67.7)
(925 150 53.275)
(950 150 38.85)
(975 150 24.425)
(1000 150 10)
(0 175 587)
(25 175 572.575)
(50 175 558.15)
(75 175 543.725)
(100 175 529.3)
(125 175 514.875)
(150 175 500.45)
(175 175 486.025)
(200 175 471.6)
(225 175 457.175)
(250 175 442.75)
(275 175 428.325)
(300 175 413.9)
(325 175 399.475)
(350 175 385.05)
(375 175 370.625)
(400 175 356.2)
(425 175 341.775)
(450 175 327.35)
(475 175 312.925)
(500 175 298.5)
(525 175 284.075)
(550 175 269.65)
(575 175 255.225)
(600 175 240.8)
(625 175 226.375)
(650 175 211.95)
(675 175 197.525)
(700 175 183.1)
(725 175 168.675)
(750 175 154.25)
(775 175 139.825)
(800 175 125.4)
(825 175 110.975)
(850 175 96.55)
(875 175 82.125)
(900 175 67.7)
(925 175 53.275)
(950 175 38.85)
(975 175 24.425)
(1000 175 10)
(0 200 587)
(25 200 572.575)
(50 200 558.15)
(75 200 543.725)
(100 200 529.3)
(125 200 514.875)
(150 200 500.45)
(175 200 486.025)
(200 200 471.6)
(225 200 457.175)
(250 200 442.75)
(275 200 428.325)
(300 200 413.9)
(325 200 399.475)
(350 200 385.05)
(375 200 370.625)
(400 200 356.2)
(425 200 341.775)
(450 200 327.35)
(475 200 312.925)
(500 200 298.5)
(525 200 284.075)
(550 200 269.65)
(575 200 255.225)
(600 200 240.8)
(625 200 226.375)
(650 200 211.95)
(675 200 197.525)
(700 200 183.1)
(725 200 168.675)
(750 200 154.25)
(775 200 139.825)
(800 200 125.4)
(825 200 110.975)
(850 200 96.55)
(875 200 82.125)
(900 200 67.7)
(925 200 53.275)
(950 200 38.85)
(975 200 24.425)
(1000 200 10)
(0 225 587)
(25 225 572.575)
(50 225 558.15)
(75 225 543.725)
(100 225 529.3)
(125 225 514.875)
(150 225 500.45)
(175 225 486.025)
(200 225 471.6)
(225 225 457.175)
(250 225 442.75)
(275 225 428.325)
(300 225 413.9)
(325 225 399.475)
(350 225 385.05)
(375 225 370.625)
(400 225 356.2)
(425 225 341.775)
(450 225 327.35)
(475 225 312.925)
(500 225 298.5)
(525 225 284.075)
(550 225 269.65)
(575 225 255.225)
(600 225 240.8)
(625 225 226.375)
(650 225 211.95)
(675 225 197.525)
(700 225 183.1)
(725 225 168.675)
(750 225 154.25)
(775 225 139.825)
(800 225 125.4)
(825 225 110.975)
(850 225 96.55)
(875 225 82.125)
(900 225 67.7)
(925 225 53.275)
(950 225 38.85)
(975 225 24.425)
(1000 225 10)
(0 250 587)
(25 250 572.575)
(50 250 558.15)
(75 250 543.725)
(100 250 529.3)
(125 250 514.875)
(150 250 500.45)
(175 250 486.025)
(200 250 471.6)
(225 250 457.175)
(250 250 442.75)
(275 250 428.325)
(300 250 413.9)
(325 250 399.475)
(350 250 385.05)
(375 250 370.625)
(400 250 356.2)
(425 250 341.775)
(450 250 327.35)
(475 250 312.925)
(500 250 298.5)
(525 250 284.075)
(550 250 269.65)
(575 250 255.225)
(600 250 240.8)
(625 250 226.375)
(650 250 211.95)
(675 250 197.525)
(700 250 183.1)
(725 250 168.675)
(750 250 154.25)
(775 250 139.825)
(800 250 125.4)
(825 250 110.975)
(850 250 96.55)
(875 250 82.125)
(900 250 67.7)
(925 250 53.275)
(950 250 38.85)
(975 250 24.425)
(1000 250 10)
(0 275 587)
(25 275 572.575)
(50 275 558.15)
(75 275 543.725)
(100 275 529.3)
(125 275 514.875)
(150 275 500.45)
(175 275 486.025)
(200 275 471.6)
(225 275 457.175)
(250 275 442.75)
(275 275 428.325)
(300 275 413.9)
(325 275 399.475)
(350 275 385.05)
(375 275 370.625)
(400 275 356.2)
(425 275 341.775)
(450 275 327.35)
(475 275 312.925)
(500 275 298.5)
(525 275 284.075)
(550 275 269.65)
(575 275 255.225)
(600 275 240.8)
(625 275 226.375)
(650 275 211.95)
(675 275 197.525)
(700 275 183.1)
(725 275 168.675)
(750 275 154.25)
(775 275 139.825)
(800 275 125.4)
(825 275 110.975)
(850 275 96.55)
(875 275 82.125)
(900 275 67.7)
(925 275 53.275)
(950 275 38.85)
(975 275 24.425)
(1000 275 10)
(0 300 587)
(25 300 572.575)
(50 300 558.15)
(75 300 543.725)
(100 300 529.3)
(125 300 514.875)
(150 300 500.45)
(175 300 486.025)
(200 300 471.6)
(225 300 457.175)
(250 300 442.75)
(275 300 428.325)
(300 300 413.9)
(325 300 399.475)
(350 300 385.05)
(375 300 370.625)
(400 300 356.2)
(425 300 341.775)
(450 300 327.35)
(475 300 312.925)
(500 300 298.5)
(525 300 284.075)
(550 300 269.65)
(575 300 255.225)
(600 300 240.8)
(625 300 226.375)
(650 300 211.95)
(675 300 197.525)
(700 300 183.1)
(725 300 168.675)
(750 300 154.25)
(775 300 139.825)
(800 300 125.4)
(825 300 110.975)
(850 300 96.55)
(875 300 82.125)
(900 300 67.7)
(925 300 53.275)
(950 300 38.85)
(975 300 24.425)
(1000 300 10)
(0 325 587)
(25 325 572.575)
(50 325 558.15)
(75 325 543.725)
(100 325 529.3)
(125 325 514.875)
(150 325 500.45)
(175 325 486.025)
(200 325 471.6)
(225 325 457.175)
(250 325 442.75)
(275 325 428.325)
(300 325 413.9)
(325 325 399.475)
(350 325 385.05)
(375 325 370.625)
(400 325 356.2)
(425 325 341.775)
(450 325 327.35)
(475 325 312.925)
(500 325 298.5)
(525 325 284.075)
(550 325 269.65)
(575 325 255.225)
(600 325 240.8)
(625 325 226.375)
(650 325 211.95)
(675 325 197.525)
(700 325 183.1)
(725 325 168.675)
(750 325 154.25)
(775 325 139.825)
(800 325 125.4)
(825 325 110.975)
(850 325 96.55)
(875 325 82.125)
(900 325 67.7)
(925 325 53.275)
(950 325 38.85)
(975 325 24.425)
(1000 325 10)
(0 350 587)
(25 350 572.575)
(50 350 558.15)
(75 350 543.725)
(100 350 529.3)
(125 350 514.875)
(150 350 500.45)
(175 350 486.025)
(200 350 471.6)
(225 350 457.175)
(250 350 442.75)
(275 350 428.325)
(300 350 413.9)
(325 350 399.475)
(350 350 385.05)
(375 350 370.625)
(400 350 356.2)
(425 350 341.775)
(450 350 327.35)
(475 350 312.925)
(500 350 298.5)
(525 350 284.075)
(550 350 269.65)
(575 350 255.225)
(600 350 240.8)
(625 350 226.375)
(650 350 211.95)
(675 350 197.525)
(700 350 183.1)
(725 350 168.675)
(750 350 154.25)
(775 350 139.825)
(800 350 125.4)
(825 350 110.975)
(850 350 96.55)
(875 350 82.125)
(900 350 67.7)
(925 350 53.275)
(950 350 38.85)
(975 350 24.425)
(1000 350 10)
(0 375 587)
(25 375 572.575)
(50 375 558.15)
(75 375 543.725)
(100 375 529.3)
(125 375 514.875)
(150 375 500.45)
(175 375 486.025)
(200 375 471.6)
(225 375 457.175)
(250 375 442.75)
(275 375 428.325)
(300 375 413.9)
(325 375 399.475)
(350 375 385.05)
(375 375 370.625)
(400 375 356.2)
(425 375 341.775)
(450 375 327.35)
(475 375 312.925)
(500 375 298.5)
(525 375 284.075)
(550 375 269.65)
(575 375 255.225)
(600 375 240.8)
(625 375 226.375)
(650 375 211.95)
(675 375 197.525)
(700 375 183.1)
(725 375 168.675)
(750 375 154.25)
(775 375 139.825)
(800 375 125.4)
(825 375 110.975)
(850 375 96.55)
(875 375 82.125)
(900 375 67.7)
(925 375 53.275)
(950 375 38.85)
(975 375 24.425)
(1000 375 10)
(0 400 587)
(25 400 572.575)
(50 400 558.15)
(75 400 543.725)
(100 400 529.3)
(125 400 514.875)
(150 400 500.45)
(175 400 486.025)
(200 400 471.6)
(225 400 457.175)
(250 400 442.75)
(275 400 428.325)
(300 400 413.9)
(325 400 399.475)
(350 400 385.05)
(375 400 370.625)
(400 400 356.2)
(425 400 341.775)
(450 400 327.35)
(475 400 312.925)
(500 400 298.5)
(525 400 284.075)
(550 400 269.65)
(575 400 255.225)
(600 400 240.8)
(625 400 226.375)
(650 400 211.95)
(675 400 197.525)
(700 400 183.1)
(725 400 168.675)
(750 400 154.25)
(775 400 139.825)
(800 400 125.4)
(825 400 110.975)
(850 400 96.55)
(875 400 82.125)
(900 400 67.7)
(925 400 53.275)
(950 400 38.85)
(975 400 24.425)
(1000 400 10)
(0 425 587)
(25 425 572.575)
(50 425 558.15)
(75 425 543.725)
(100 425 529.3)
(125 425 514.875)
(150 425 500.45)
(175 425 486.025)
(200 425 471.6)
(225 425 457.175)
(250 425 442.75)
(275 425 428.325)
(300 425 413.9)
(325 425 399.475)
(350 425 385.05)
(375 425 370.625)
(400 425 356.2)
(425 425 341.775)
(450 425 327.35)
(475 425 312.925)
(500 425 298.5)
(525 425 284.075)
(550 425 269.65)
(575 425 255.225)
(600 425 240.8)
(625 425 226.375)
(650 425 211.95)
(675 425 197.525)
(700 425 183.1)
(725 425 168.675)
(750 425 154.25)
(775 425 139.825)
(800 425 125.4)
(825 425 110.975)
(850 425 96.55)
(875 425 82.125)
(900 425 67.7)
(925 425 53.275)
(950 425 38.85)
(975 425 24.425)
(1000 425 10)
(0 450 587)
(25 450 572.575)
(50 450 558.15)
(75 450 543.725)
(100 450 529.3)
(125 450 514.875)
(150 450 500.45)
(175 450 486.025)
(200 450 471.6)
(225 450 457.175)
(250 450 442.75)
(275 450 428.325)
(300 450 413.9)
(325 450 399.475)
(350 450 385.05)
(375 450 370.625)
(400 450 356.2)
(425 450 341.775)
(450 450 327.35)
(475 450 312.925)
(500 450 298.5)
(525 450 284.075)
(550 450 269.65)
(575 450 255.225)
(600 450 240.8)
(625 450 226.375)
(650 450 211.95)
(675 450 197.525)
(700 450 183.1)
(725 450 168.675)
(750 450 154.25)
(775 450 139.825)
(800 450 125.4)
(825 450 110.975)
(850 450 96.55)
(875 450 82.125)
(900 450 67.7)
(925 450 53.275)
(950 450 38.85)
(975 450 24.425)
(1000 450 10)
(0 475 587)
(25 475 572.575)
(50 475 558.15)
(75 475 543.725)
(100 475 529.3)
(125 475 514.875)
(150 475 500.45)
(175 475 486.025)
(200 475 471.6)
(225 475 457.175)
(250 475 442.75)
(275 475 428.325)
(300 475 413.9)
(325 475 399.475)
(350 475 385.05)
(375 475 370.625)
(400 475 356.2)
(425 475 341.775)
(450 475 327.35)
(475 475 312.925)
(500 475 298.5)
(525 475 284.075)
(550 475 269.65)
(575 475 255.225)
(600 475 240.8)
(625 475 226.375)
(650 475 211.95)
(675 475 197.525)
(700 475 183.1)
(725 475 168.675)
(750 475 154.25)
(775 475 139.825)
(800 475 125.4)
(825 475 110.975)
(850 475 96.55)
(875 475 82.125)
(900 475 67.7)
(925 475 53.275)
(950 475 38.85)
(975 475 24.425)
(1000 475 10)
(0 500 587)
(25 500 572.575)
(50 500 558.15)
(75 500 543.725)
(100 500 529.3)
(125 500 514.875)
(150 500 500.45)
(175 500 486.025)
(200 500 471.6)
(225 500 457.175)
(250 500 442.75)
(275 500 428.325)
(300 500 413.9)
(325 500 399.475)
(350 500 385.05)
(375 500 370.625)
(400 500 356.2)
(425 500 341.775)
(450 500 327.35)
(475 500 312.925)
(500 500 298.5)
(525 500 284.075)
(550 500 269.65)
(575 500 255.225)
(600 500 240.8)
(625 500 226.375)
(650 500 211.95)
(675 500 197.525)
(700 500 183.1)
(725 500 168.675)
(750 500 154.25)
(775 500 139.825)
(800 500 125.4)
(825 500 110.975)
(850 500 96.55)
(875 500 82.125)
(900 500 67.7)
(925 500 53.275)
(950 500 38.85)
(975 500 24.425)
(1000 500 10)
(0 0 592)
(25 0 577.575)
(50 0 563.15)
(75 0 548.725)
(100 0 534.3)
(125 0 519.875)
(150 0 505.45)
(175 0 491.025)
(200 0 476.6)
(225 0 462.175)
(250 0 447.75)
(275 0 433.325)
(300 0 418.9)
(325 0 404.475)
(350 0 390.05)
(375 0 375.625)
(400 0 361.2)
(425 0 346.775)
(450 0 332.35)
(475 0 317.925)
(500 0 303.5)
(525 0 289.075)
(550 0 274.65)
(575 0 260.225)
(600 0 245.8)
(625 0 231.375)
(650 0 216.95)
(675 0 202.525)
(700 0 188.1)
(725 0 173.675)
(750 0 159.25)
(775 0 144.825)
(800 0 130.4)
(825 0 115.975)
(850 0 101.55)
(875 0 87.125)
(900 0 72.7)
(925 0 58.275)
(950 0 43.85)
(975 0 29.425)
(1000 0 15)
(0 25 592)
(25 25 577.575)
(50 25 563.15)
(75 25 548.725)
(100 25 534.3)
(125 25 519.875)
(150 25 505.45)
(175 25 491.025)
(200 25 476.6)
(225 25 462.175)
(250 25 447.75)
(275 25 433.325)
(300 25 418.9)
(325 25 404.475)
(350 25 390.05)
(375 25 375.625)
(400 25 361.2)
(425 25 346.775)
(450 25 332.35)
(475 25 317.925)
(500 25 303.5)
(525 25 289.075)
(550 25 274.65)
(575 25 260.225)
(600 25 245.8)
(625 25 231.375)
(650 25 216.95)
(675 25 202.525)
(700 25 188.1)
(725 25 173.675)
(750 25 159.25)
(775 25 144.825)
(800 25 130.4)
(825 25 115.975)
(850 25 101.55)
(875 25 87.125)
(900 25 72.7)
(925 25 58.275)
(950 25 43.85)
(975 25 29.425)
(1000 25 15)
(0 50 592)
(25 50 577.575)
(50 50 563.15)
(75 50 548.725)
(100 50 534.3)
(125 50 519.875)
(150 50 505.45)
(175 50 491.025)
(200 50 476.6)
(225 50 462.175)
(250 50 447.75)
(275 50 433.325)
(300 50 418.9)
(325 50 404.475)
(350 50 390.05)
(375 50 375.625)
(400 50 361.2)
(425 50 346.775)
(450 50 332.35)
(475 50 317.925)
(500 50 303.5)
(525 50 289.075)
(550 50 274.65)
(575 50 260.225)
(600 50 245.8)
(625 50 231.375)
(650 50 216.95)
(675 50 202.525)
(700 50 188.1)
(725 50 173.675)
(750 50 159.25)
(775 50 144.825)
(800 50 130.4)
(825 50 115.975)
(850 50 101.55)
(875 50 87.125)
(900 50 72.7)
(925 50 58.275)
(950 50 43.85)
(975 50 29.425)
(1000 50 15)
(0 75 592)
(25 75 577.575)
(50 75 563.15)
(75 75 548.725)
(100 75 534.3)
(125 75 519.875)
(150 75 505.45)
(175 75 491.025)
(200 75 476.6)
(225 75 462.175)
(250 75 447.75)
(275 75 433.325)
(300 75 418.9)
(325 75 404.475)
(350 75 390.05)
(375 75 375.625)
(400 75 361.2)
(425 75 346.775)
(450 75 332.35)
(475 75 317.925)
(500 75 303.5)
(525 75 289.075)
(550 75 274.65)
(575 75 260.225)
(600 75 245.8)
(625 75 231.375)
(650 75 216.95)
(675 75 202.525)
(700 75 188.1)
(725 75 173.675)
(750 75 159.25)
(775 75 144.825)
(800 75 130.4)
(825 75 115.975)
(850 75 101.55)
(875 75 87.125)
(900 75 72.7)
(925 75 58.275)
(950 75 43.85)
(975 75 29.425)
(1000 75 15)
(0 100 592)
(25 100 577.575)
(50 100 563.15)
(75 100 548.725)
(100 100 534.3)
(125 100 519.875)
(150 100 505.45)
(175 100 491.025)
(200 100 476.6)
(225 100 462.175)
(250 100 447.75)
(275 100 433.325)
(300 100 418.9)
(325 100 404.475)
(350 100 390.05)
(375 100 375.625)
(400 100 361.2)
(425 100 346.775)
(450 100 332.35)
(475 100 317.925)
(500 100 303.5)
(525 100 289.075)
(550 100 274.65)
(575 100 260.225)
(600 100 245.8)
(625 100 231.375)
(650 100 216.95)
(675 100 202.525)
(700 100 188.1)
(725 100 173.675)
(750 100 159.25)
(775 100 144.825)
(800 100 130.4)
(825 100 115.975)
(850 100 101.55)
(875 100 87.125)
(900 100 72.7)
(925 100 58.275)
(950 100 43.85)
(975 100 29.425)
(1000 100 15)
(0 125 592)
(25 125 577.575)
(50 125 563.15)
(75 125 548.725)
(100 125 534.3)
(125 125 519.875)
(150 125 505.45)
(175 125 491.025)
(200 125 476.6)
(225 125 462.175)
(250 125 447.75)
(275 125 433.325)
(300 125 418.9)
(325 125 404.475)
(350 125 390.05)
(375 125 375.625)
(400 125 361.2)
(425 125 346.775)
(450 125 332.35)
(475 125 317.925)
(500 125 303.5)
(525 125 289.075)
(550 125 274.65)
(575 125 260.225)
(600 125 245.8)
(625 125 231.375)
(650 125 216.95)
(675 125 202.525)
(700 125 188.1)
(725 125 173.675)
(750 125 159.25)
(775 125 144.825)
(800 125 130.4)
(825 125 115.975)
(850 125 101.55)
(875 125 87.125)
(900 125 72.7)
(925 125 58.275)
(950 125 43.85)
(975 125 29.425)
(1000 125 15)
(0 150 592)
(25 150 577.575)
(50 150 563.15)
(75 150 548.725)
(100 150 534.3)
(125 150 519.875)
(150 150 505.45)
(175 150 491.025)
(200 150 476.6)
(225 150 462.175)
(250 150 447.75)
(275 150 433.325)
(300 150 418.9)
(325 150 404.475)
(350 150 390.05)
(375 150 375.625)
(400 150 361.2)
(425 150 346.775)
(450 150 332.35)
(475 150 317.925)
(500 150 303.5)
(525 150 289.075)
(550 150 274.65)
(575 150 260.225)
(600 150 245.8)
(625 150 231.375)
(650 150 216.95)
(675 150 202.525)
(700 150 188.1)
(725 150 173.675)
(750 150 159.25)
(775 150 144.825)
(800 150 130.4)
(825 150 115.975)
(850 150 101.55)
(875 150 87.125)
(900 150 72.7)
(925 150 58.275)
(950 150 43.85)
(975 150 29.425)
(1000 150 15)
(0 175 592)
(25 175 577.575)
(50 175 563.15)
(75 175 548.725)
(100 175 534.3)
(125 175 519.875)
(150 175 505.45)
(175 175 491.025)
(200 175 476.6)
(225 175 462.175)
(250 175 447.75)
(275 175 433.325)
(300 175 418.9)
(325 175 404.475)
(350 175 390.05)
(375 175 375.625)
(400 175 361.2)
(425 175 346.775)
(450 175 332.35)
(475 175 317.925)
(500 175 303.5)
(525 175 289.075)
(550 175 274.65)
(575 175 260.225)
(600 175 245.8)
(625 175 231.375)
(650 175 216.95)
(675 175 202.525)
(700 175 188.1)
(725 175 173.675)
(750 175 159.25)
(775 175 144.825)
(800 175 130.4)
(825 175 115.975)
(850 175 101.55)
(875 175 87.125)
(900 175 72.7)
(925 175 58.275)
(950 175 43.85)
(975 175 29.425)
(1000 175 15)
(0 200 592)
(25 200 577.575)
(50 200 563.15)
(75 200 548.725)
(100 200 534.3)
(125 200 519.875)
(150 200 505.45)
(175 200 491.025)
(200 200 476.6)
(225 200 462.175)
(250 200 447.75)
(275 200 433.325)
(300 200 418.9)
(325 200 404.475)
(350 200 390.05)
(375 200 375.625)
(400 200 361.2)
(425 200 346.775)
(450 200 332.35)
(475 200 317.925)
(500 200 303.5)
(525 200 289.075)
(550 200 274.65)
(575 200 260.225)
(600 200 245.8)
(625 200 231.375)
(650 200 216.95)
(675 200 202.525)
(700 200 188.1)
(725 200 173.675)
(750 200 159.25)
(775 200 144.825)
(800 200 130.4)
(825 200 115.975)
(850 200 101.55)
(875 200 87.125)
(900 200 72.7)
(925 200 58.275)
(950 200 43.85)
(975 200 29.425)
(1000 200 15)
(0 225 592)
(25 225 577.575)
(50 225 563.15)
(75 225 548.725)
(100 225 534.3)
(125 225 519.875)
(150 225 505.45)
(175 225 491.025)
(200 225 476.6)
(225 225 462.175)
(250 225 447.75)
(275 225 433.325)
(300 225 418.9)
(325 225 404.475)
(350 225 390.05)
(375 225 375.625)
(400 225 361.2)
(425 225 346.775)
(450 225 332.35)
(475 225 317.925)
(500 225 303.5)
(525 225 289.075)
(550 225 274.65)
(575 225 260.225)
(600 225 245.8)
(625 225 231.375)
(650 225 216.95)
(675 225 202.525)
(700 225 188.1)
(725 225 173.675)
(750 225 159.25)
(775 225 144.825)
(800 225 130.4)
(825 225 115.975)
(850 225 101.55)
(875 225 87.125)
(900 225 72.7)
(925 225 58.275)
(950 225 43.85)
(975 225 29.425)
(1000 225 15)
(0 250 592)
(25 250 577.575)
(50 250 563.15)
(75 250 548.725)
(100 250 534.3)
(125 250 519.875)
(150 250 505.45)
(175 250 491.025)
(200 250 476.6)
(225 250 462.175)
(250 250 447.75)
(275 250 433.325)
(300 250 418.9)
(325 250 404.475)
(350 250 390.05)
(375 250 375.625)
(400 250 361.2)
(425 250 346.775)
(450 250 332.35)
(475 250 317.925)
(500 250 303.5)
(525 250 289.075)
(550 250 274.65)
(575 250 260.225)
(600 250 245.8)
(625 250 231.375)
(650 250 216.95)
(675 250 202.525)
(700 250 188.1)
(725 250 173.675)
(750 250 159.25)
(775 250 144.825)
(800 250 130.4)
(825 250 115.975)
(850 250 101.55)
(875 250 87.125)
(900 250 72.7)
(925 250 58.275)
(950 250 43.85)
(975 250 29.425)
(1000 250 15)
(0 275 592)
(25 275 577.575)
(50 275 563.15)
(75 275 548.725)
(100 275 534.3)
(125 275 519.875)
(150 275 505.45)
(175 275 491.025)
(200 275 476.6)
(225 275 462.175)
(250 275 447.75)
(275 275 433.325)
(300 275 418.9)
(325 275 404.475)
(350 275 390.05)
(375 275 375.625)
(400 275 361.2)
(425 275 346.775)
(450 275 332.35)
(475 275 317.925)
(500 275 303.5)
(525 275 289.075)
(550 275 274.65)
(575 275 260.225)
(600 275 245.8)
(625 275 231.375)
(650 275 216.95)
(675 275 202.525)
(700 275 188.1)
(725 275 173.675)
(750 275 159.25)
(775 275 144.825)
(800 275 130.4)
(825 275 115.975)
(850 275 101.55)
(875 275 87.125)
(900 275 72.7)
(925 275 58.275)
(950 275 43.85)
(975 275 29.425)
(1000 275 15)
(0 300 592)
(25 300 577.575)
(50 300 563.15)
(75 300 548.725)
(100 300 534.3)
(125 300 519.875)
(150 300 505.45)
(175 300 491.025)
(200 300 476.6)
(225 300 462.175)
(250 300 447.75)
(275 300 433.325)
(300 300 418.9)
(325 300 404.475)
(350 300 390.05)
(375 300 375.625)
(400 300 361.2)
(425 300 346.775)
(450 300 332.35)
(475 300 317.925)
(500 300 303.5)
(525 300 289.075)
(550 300 274.65)
(575 300 260.225)
(600 300 245.8)
(625 300 231.375)
(650 300 216.95)
(675 300 202.525)
(700 300 188.1)
(725 300 173.675)
(750 300 159.25)
(775 300 144.825)
(800 300 130.4)
(825 300 115.975)
(850 300 101.55)
(875 300 87.125)
(900 300 72.7)
(925 300 58.275)
(950 300 43.85)
(975 300 29.425)
(1000 300 15)
(0 325 592)
(25 325 577.575)
(50 325 563.15)
(75 325 548.725)
(100 325 534.3)
(125 325 519.875)
(150 325 505.45)
(175 325 491.025)
(200 325 476.6)
(225 325 462.175)
(250 325 447.75)
(275 325 433.325)
(300 325 418.9)
(325 325 404.475)
(350 325 390.05)
(375 325 375.625)
(400 325 361.2)
(425 325 346.775)
(450 325 332.35)
(475 325 317.925)
(500 325 303.5)
(525 325 289.075)
(550 325 274.65)
(575 325 260.225)
(600 325 245.8)
(625 325 231.375)
(650 325 216.95)
(675 325 202.525)
(700 325 188.1)
(725 325 173.675)
(750 325 159.25)
(775 325 144.825)
(800 325 130.4)
(825 325 115.975)
(850 325 101.55)
(875 325 87.125)
(900 325 72.7)
(925 325 58.275)
(950 325 43.85)
(975 325 29.425)
(1000 325 15)
(0 350 592)
(25 350 577.575)
(50 350 563.15)
(75 350 548.725)
(100 350 534.3)
(125 350 519.875)
(150 350 505.45)
(175 350 491.025)
(200 350 476.6)
(225 350 462.175)
(250 350 447.75)
(275 350 433.325)
(300 350 418.9)
(325 350 404.475)
(350 350 390.05)
(375 350 375.625)
(400 350 361.2)
(425 350 346.775)
(450 350 332.35)
(475 350 317.925)
(500 350 303.5)
(525 350 289.075)
(550 350 274.65)
(575 350 260.225)
(600 350 245.8)
(625 350 231.375)
(650 350 216.95)
(675 350 202.525)
(700 350 188.1)
(725 350 173.675)
(750 350 159.25)
(775 350 144.825)
(800 350 130.4)
(825 350 115.975)
(850 350 101.55)
(875 350 87.125)
(900 350 72.7)
(925 350 58.275)
(950 350 43.85)
(975 350 29.425)
(1000 350 15)
(0 375 592)
(25 375 577.575)
(50 375 563.15)
(75 375 548.725)
(100 375 534.3)
(125 375 519.875)
(150 375 505.45)
(175 375 491.025)
(200 375 476.6)
(225 375 462.175)
(250 375 447.75)
(275 375 433.325)
(300 375 418.9)
(325 375 404.475)
(350 375 390.05)
(375 375 375.625)
(400 375 361.2)
(425 375 346.775)
(450 375 332.35)
(475 375 317.925)
(500 375 303.5)
(525 375 289.075)
(550 375 274.65)
(575 375 260.225)
(600 375 245.8)
(625 375 231.375)
(650 375 216.95)
(675 375 202.525)
(700 375 188.1)
(725 375 173.675)
(750 375 159.25)
(775 375 144.825)
(800 375 130.4)
(825 375 115.975)
(850 375 101.55)
(875 375 87.125)
(900 375 72.7)
(925 375 58.275)
(950 375 43.85)
(975 375 29.425)
(1000 375 15)
(0 400 592)
(25 400 577.575)
(50 400 563.15)
(75 400 548.725)
(100 400 534.3)
(125 400 519.875)
(150 400 505.45)
(175 400 491.025)
(200 400 476.6)
(225 400 462.175)
(250 400 447.75)
(275 400 433.325)
(300 400 418.9)
(325 400 404.475)
(350 400 390.05)
(375 400 375.625)
(400 400 361.2)
(425 400 346.775)
(450 400 332.35)
(475 400 317.925)
(500 400 303.5)
(525 400 289.075)
(550 400 274.65)
(575 400 260.225)
(600 400 245.8)
(625 400 231.375)
(650 400 216.95)
(675 400 202.525)
(700 400 188.1)
(725 400 173.675)
(750 400 159.25)
(775 400 144.825)
(800 400 130.4)
(825 400 115.975)
(850 400 101.55)
(875 400 87.125)
(900 400 72.7)
(925 400 58.275)
(950 400 43.85)
(975 400 29.425)
(1000 400 15)
(0 425 592)
(25 425 577.575)
(50 425 563.15)
(75 425 548.725)
(100 425 534.3)
(125 425 519.875)
(150 425 505.45)
(175 425 491.025)
(200 425 476.6)
(225 425 462.175)
(250 425 447.75)
(275 425 433.325)
(300 425 418.9)
(325 425 404.475)
(350 425 390.05)
(375 425 375.625)
(400 425 361.2)
(425 425 346.775)
(450 425 332.35)
(475 425 317.925)
(500 425 303.5)
(525 425 289.075)
(550 425 274.65)
(575 425 260.225)
(600 425 245.8)
(625 425 231.375)
(650 425 216.95)
(675 425 202.525)
(700 425 188.1)
(725 425 173.675)
(750 425 159.25)
(775 425 144.825)
(800 425 130.4)
(825 425 115.975)
(850 425 101.55)
(875 425 87.125)
(900 425 72.7)
(925 425 58.275)
(950 425 43.85)
(975 425 29.425)
(1000 425 15)
(0 450 592)
(25 450 577.575)
(50 450 563.15)
(75 450 548.725)
(100 450 534.3)
(125 450 519.875)
(150 450 505.45)
(175 450 491.025)
(200 450 476.6)
(225 450 462.175)
(250 450 447.75)
(275 450 433.325)
(300 450 418.9)
(325 450 404.475)
(350 450 390.05)
(375 450 375.625)
(400 450 361.2)
(425 450 346.775)
(450 450 332.35)
(475 450 317.925)
(500 450 303.5)
(525 450 289.075)
(550 450 274.65)
(575 450 260.225)
(600 450 245.8)
(625 450 231.375)
(650 450 216.95)
(675 450 202.525)
(700 450 188.1)
(725 450 173.675)
(750 450 159.25)
(775 450 144.825)
(800 450 130.4)
(825 450 115.975)
(850 450 101.55)
(875 450 87.125)
(900 450 72.7)
(925 450 58.275)
(950 450 43.85)
(975 450 29.425)
(1000 450 15)
(0 475 592)
(25 475 577.575)
(50 475 563.15)
(75 475 548.725)
(100 475 534.3)
(125 475 519.875)
(150 475 505.45)
(175 475 491.025)
(200 475 476.6)
(225 475 462.175)
(250 475 447.75)
(275 475 433.325)
(300 475 418.9)
(325 475 404.475)
(350 475 390.05)
(375 475 375.625)
(400 475 361.2)
(425 475 346.775)
(450 475 332.35)
(475 475 317.925)
(500 475 303.5)
(525 475 289.075)
(550 475 274.65)
(575 475 260.225)
(600 475 245.8)
(625 475 231.375)
(650 475 216.95)
(675 475 202.525)
(700 475 188.1)
(725 475 173.675)
(750 475 159.25)
(775 475 144.825)
(800 475 130.4)
(825 475 115.975)
(850 475 101.55)
(875 475 87.125)
(900 475 72.7)
(925 475 58.275)
(950 475 43.85)
(975 475 29.425)
(1000 475 15)
(0 500 592)
(25 500 577.575)
(50 500 563.15)
(75 500 548.725)
(100 500 534.3)
(125 500 519.875)
(150 500 505.45)
(175 500 491.025)
(200 500 476.6)
(225 500 462.175)
(250 500 447.75)
(275 500 433.325)
(300 500 418.9)
(325 500 404.475)
(350 500 390.05)
(375 500 375.625)
(400 500 361.2)
(425 500 346.775)
(450 500 332.35)
(475 500 317.925)
(500 500 303.5)
(525 500 289.075)
(550 500 274.65)
(575 500 260.225)
(600 500 245.8)
(625 500 231.375)
(650 500 216.95)
(675 500 202.525)
(700 500 188.1)
(725 500 173.675)
(750 500 159.25)
(775 500 144.825)
(800 500 130.4)
(825 500 115.975)
(850 500 101.55)
(875 500 87.125)
(900 500 72.7)
(925 500 58.275)
(950 500 43.85)
(975 500 29.425)
(1000 500 15)
(0 0 597)
(25 0 582.575)
(50 0 568.15)
(75 0 553.725)
(100 0 539.3)
(125 0 524.875)
(150 0 510.45)
(175 0 496.025)
(200 0 481.6)
(225 0 467.175)
(250 0 452.75)
(275 0 438.325)
(300 0 423.9)
(325 0 409.475)
(350 0 395.05)
(375 0 380.625)
(400 0 366.2)
(425 0 351.775)
(450 0 337.35)
(475 0 322.925)
(500 0 308.5)
(525 0 294.075)
(550 0 279.65)
(575 0 265.225)
(600 0 250.8)
(625 0 236.375)
(650 0 221.95)
(675 0 207.525)
(700 0 193.1)
(725 0 178.675)
(750 0 164.25)
(775 0 149.825)
(800 0 135.4)
(825 0 120.975)
(850 0 106.55)
(875 0 92.125)
(900 0 77.7)
(925 0 63.275)
(950 0 48.85)
(975 0 34.425)
(1000 0 20)
(0 25 597)
(25 25 582.575)
(50 25 568.15)
(75 25 553.725)
(100 25 539.3)
(125 25 524.875)
(150 25 510.45)
(175 25 496.025)
(200 25 481.6)
(225 25 467.175)
(250 25 452.75)
(275 25 438.325)
(300 25 423.9)
(325 25 409.475)
(350 25 395.05)
(375 25 380.625)
(400 25 366.2)
(425 25 351.775)
(450 25 337.35)
(475 25 322.925)
(500 25 308.5)
(525 25 294.075)
(550 25 279.65)
(575 25 265.225)
(600 25 250.8)
(625 25 236.375)
(650 25 221.95)
(675 25 207.525)
(700 25 193.1)
(725 25 178.675)
(750 25 164.25)
(775 25 149.825)
(800 25 135.4)
(825 25 120.975)
(850 25 106.55)
(875 25 92.125)
(900 25 77.7)
(925 25 63.275)
(950 25 48.85)
(975 25 34.425)
(1000 25 20)
(0 50 597)
(25 50 582.575)
(50 50 568.15)
(75 50 553.725)
(100 50 539.3)
(125 50 524.875)
(150 50 510.45)
(175 50 496.025)
(200 50 481.6)
(225 50 467.175)
(250 50 452.75)
(275 50 438.325)
(300 50 423.9)
(325 50 409.475)
(350 50 395.05)
(375 50 380.625)
(400 50 366.2)
(425 50 351.775)
(450 50 337.35)
(475 50 322.925)
(500 50 308.5)
(525 50 294.075)
(550 50 279.65)
(575 50 265.225)
(600 50 250.8)
(625 50 236.375)
(650 50 221.95)
(675 50 207.525)
(700 50 193.1)
(725 50 178.675)
(750 50 164.25)
(775 50 149.825)
(800 50 135.4)
(825 50 120.975)
(850 50 106.55)
(875 50 92.125)
(900 50 77.7)
(925 50 63.275)
(950 50 48.85)
(975 50 34.425)
(1000 50 20)
(0 75 597)
(25 75 582.575)
(50 75 568.15)
(75 75 553.725)
(100 75 539.3)
(125 75 524.875)
(150 75 510.45)
(175 75 496.025)
(200 75 481.6)
(225 75 467.175)
(250 75 452.75)
(275 75 438.325)
(300 75 423.9)
(325 75 409.475)
(350 75 395.05)
(375 75 380.625)
(400 75 366.2)
(425 75 351.775)
(450 75 337.35)
(475 75 322.925)
(500 75 308.5)
(525 75 294.075)
(550 75 279.65)
(575 75 265.225)
(600 75 250.8)
(625 75 236.375)
(650 75 221.95)
(675 75 207.525)
(700 75 193.1)
(725 75 178.675)
(750 75 164.25)
(775 75 149.825)
(800 75 135.4)
(825 75 120.975)
(850 75 106.55)
(875 75 92.125)
(900 75 77.7)
(925 75 63.275)
(950 75 48.85)
(975 75 34.425)
(1000 75 20)
(0 100 597)
(25 100 582.575)
(50 100 568.15)
(75 100 553.725)
(100 100 539.3)
(125 100 524.875)
(150 100 510.45)
(175 100 496.025)
(200 100 481.6)
(225 100 467.175)
(250 100 452.75)
(275 100 438.325)
(300 100 423.9)
(325 100 409.475)
(350 100 395.05)
(375 100 380.625)
(400 100 366.2)
(425 100 351.775)
(450 100 337.35)
(475 100 322.925)
(500 100 308.5)
(525 100 294.075)
(550 100 279.65)
(575 100 265.225)
(600 100 250.8)
(625 100 236.375)
(650 100 221.95)
(675 100 207.525)
(700 100 193.1)
(725 100 178.675)
(750 100 164.25)
(775 100 149.825)
(800 100 135.4)
(825 100 120.975)
(850 100 106.55)
(875 100 92.125)
(900 100 77.7)
(925 100 63.275)
(950 100 48.85)
(975 100 34.425)
(1000 100 20)
(0 125 597)
(25 125 582.575)
(50 125 568.15)
(75 125 553.725)
(100 125 539.3)
(125 125 524.875)
(150 125 510.45)
(175 125 496.025)
(200 125 481.6)
(225 125 467.175)
(250 125 452.75)
(275 125 438.325)
(300 125 423.9)
(325 125 409.475)
(350 125 395.05)
(375 125 380.625)
(400 125 366.2)
(425 125 351.775)
(450 125 337.35)
(475 125 322.925)
(500 125 308.5)
(525 125 294.075)
(550 125 279.65)
(575 125 265.225)
(600 125 250.8)
(625 125 236.375)
(650 125 221.95)
(675 125 207.525)
(700 125 193.1)
(725 125 178.675)
(750 125 164.25)
(775 125 149.825)
(800 125 135.4)
(825 125 120.975)
(850 125 106.55)
(875 125 92.125)
(900 125 77.7)
(925 125 63.275)
(950 125 48.85)
(975 125 34.425)
(1000 125 20)
(0 150 597)
(25 150 582.575)
(50 150 568.15)
(75 150 553.725)
(100 150 539.3)
(125 150 524.875)
(150 150 510.45)
(175 150 496.025)
(200 150 481.6)
(225 150 467.175)
(250 150 452.75)
(275 150 438.325)
(300 150 423.9)
(325 150 409.475)
(350 150 395.05)
(375 150 380.625)
(400 150 366.2)
(425 150 351.775)
(450 150 337.35)
(475 150 322.925)
(500 150 308.5)
(525 150 294.075)
(550 150 279.65)
(575 150 265.225)
(600 150 250.8)
(625 150 236.375)
(650 150 221.95)
(675 150 207.525)
(700 150 193.1)
(725 150 178.675)
(750 150 164.25)
(775 150 149.825)
(800 150 135.4)
(825 150 120.975)
(850 150 106.55)
(875 150 92.125)
(900 150 77.7)
(925 150 63.275)
(950 150 48.85)
(975 150 34.425)
(1000 150 20)
(0 175 597)
(25 175 582.575)
(50 175 568.15)
(75 175 553.725)
(100 175 539.3)
(125 175 524.875)
(150 175 510.45)
(175 175 496.025)
(200 175 481.6)
(225 175 467.175)
(250 175 452.75)
(275 175 438.325)
(300 175 423.9)
(325 175 409.475)
(350 175 395.05)
(375 175 380.625)
(400 175 366.2)
(425 175 351.775)
(450 175 337.35)
(475 175 322.925)
(500 175 308.5)
(525 175 294.075)
(550 175 279.65)
(575 175 265.225)
(600 175 250.8)
(625 175 236.375)
(650 175 221.95)
(675 175 207.525)
(700 175 193.1)
(725 175 178.675)
(750 175 164.25)
(775 175 149.825)
(800 175 135.4)
(825 175 120.975)
(850 175 106.55)
(875 175 92.125)
(900 175 77.7)
(925 175 63.275)
(950 175 48.85)
(975 175 34.425)
(1000 175 20)
(0 200 597)
(25 200 582.575)
(50 200 568.15)
(75 200 553.725)
(100 200 539.3)
(125 200 524.875)
(150 200 510.45)
(175 200 496.025)
(200 200 481.6)
(225 200 467.175)
(250 200 452.75)
(275 200 438.325)
(300 200 423.9)
(325 200 409.475)
(350 200 395.05)
(375 200 380.625)
(400 200 366.2)
(425 200 351.775)
(450 200 337.35)
(475 200 322.925)
(500 200 308.5)
(525 200 294.075)
(550 200 279.65)
(575 200 265.225)
(600 200 250.8)
(625 200 236.375)
(650 200 221.95)
(675 200 207.525)
(700 200 193.1)
(725 200 178.675)
(750 200 164.25)
(775 200 149.825)
(800 200 135.4)
(825 200 120.975)
(850 200 106.55)
(875 200 92.125)
(900 200 77.7)
(925 200 63.275)
(950 200 48.85)
(975 200 34.425)
(1000 200 20)
(0 225 597)
(25 225 582.575)
(50 225 568.15)
(75 225 553.725)
(100 225 539.3)
(125 225 524.875)
(150 225 510.45)
(175 225 496.025)
(200 225 481.6)
(225 225 467.175)
(250 225 452.75)
(275 225 438.325)
(300 225 423.9)
(325 225 409.475)
(350 225 395.05)
(375 225 380.625)
(400 225 366.2)
(425 225 351.775)
(450 225 337.35)
(475 225 322.925)
(500 225 308.5)
(525 225 294.075)
(550 225 279.65)
(575 225 265.225)
(600 225 250.8)
(625 225 236.375)
(650 225 221.95)
(675 225 207.525)
(700 225 193.1)
(725 225 178.675)
(750 225 164.25)
(775 225 149.825)
(800 225 135.4)
(825 225 120.975)
(850 225 106.55)
(875 225 92.125)
(900 225 77.7)
(925 225 63.275)
(950 225 48.85)
(975 225 34.425)
(1000 225 20)
(0 250 597)
(25 250 582.575)
(50 250 568.15)
(75 250 553.725)
(100 250 539.3)
(125 250 524.875)
(150 250 510.45)
(175 250 496.025)
(200 250 481.6)
(225 250 467.175)
(250 250 452.75)
(275 250 438.325)
(300 250 423.9)
(325 250 409.475)
(350 250 395.05)
(375 250 380.625)
(400 250 366.2)
(425 250 351.775)
(450 250 337.35)
(475 250 322.925)
(500 250 308.5)
(525 250 294.075)
(550 250 279.65)
(575 250 265.225)
(600 250 250.8)
(625 250 236.375)
(650 250 221.95)
(675 250 207.525)
(700 250 193.1)
(725 250 178.675)
(750 250 164.25)
(775 250 149.825)
(800 250 135.4)
(825 250 120.975)
(850 250 106.55)
(875 250 92.125)
(900 250 77.7)
(925 250 63.275)
(950 250 48.85)
(975 250 34.425)
(1000 250 20)
(0 275 597)
(25 275 582.575)
(50 275 568.15)
(75 275 553.725)
(100 275 539.3)
(125 275 524.875)
(150 275 510.45)
(175 275 496.025)
(200 275 481.6)
(225 275 467.175)
(250 275 452.75)
(275 275 438.325)
(300 275 423.9)
(325 275 409.475)
(350 275 395.05)
(375 275 380.625)
(400 275 366.2)
(425 275 351.775)
(450 275 337.35)
(475 275 322.925)
(500 275 308.5)
(525 275 294.075)
(550 275 279.65)
(575 275 265.225)
(600 275 250.8)
(625 275 236.375)
(650 275 221.95)
(675 275 207.525)
(700 275 193.1)
(725 275 178.675)
(750 275 164.25)
(775 275 149.825)
(800 275 135.4)
(825 275 120.975)
(850 275 106.55)
(875 275 92.125)
(900 275 77.7)
(925 275 63.275)
(950 275 48.85)
(975 275 34.425)
(1000 275 20)
(0 300 597)
(25 300 582.575)
(50 300 568.15)
(75 300 553.725)
(100 300 539.3)
(125 300 524.875)
(150 300 510.45)
(175 300 496.025)
(200 300 481.6)
(225 300 467.175)
(250 300 452.75)
(275 300 438.325)
(300 300 423.9)
(325 300 409.475)
(350 300 395.05)
(375 300 380.625)
(400 300 366.2)
(425 300 351.775)
(450 300 337.35)
(475 300 322.925)
(500 300 308.5)
(525 300 294.075)
(550 300 279.65)
(575 300 265.225)
(600 300 250.8)
(625 300 236.375)
(650 300 221.95)
(675 300 207.525)
(700 300 193.1)
(725 300 178.675)
(750 300 164.25)
(775 300 149.825)
(800 300 135.4)
(825 300 120.975)
(850 300 106.55)
(875 300 92.125)
(900 300 77.7)
(925 300 63.275)
(950 300 48.85)
(975 300 34.425)
(1000 300 20)
(0 325 597)
(25 325 582.575)
(50 325 568.15)
(75 325 553.725)
(100 325 539.3)
(125 325 524.875)
(150 325 510.45)
(175 325 496.025)
(200 325 481.6)
(225 325 467.175)
(250 325 452.75)
(275 325 438.325)
(300 325 423.9)
(325 325 409.475)
(350 325 395.05)
(375 325 380.625)
(400 325 366.2)
(425 325 351.775)
(450 325 337.35)
(475 325 322.925)
(500 325 308.5)
(525 325 294.075)
(550 325 279.65)
(575 325 265.225)
(600 325 250.8)
(625 325 236.375)
(650 325 221.95)
(675 325 207.525)
(700 325 193.1)
(725 325 178.675)
(750 325 164.25)
(775 325 149.825)
(800 325 135.4)
(825 325 120.975)
(850 325 106.55)
(875 325 92.125)
(900 325 77.7)
(925 325 63.275)
(950 325 48.85)
(975 325 34.425)
(1000 325 20)
(0 350 597)
(25 350 582.575)
(50 350 568.15)
(75 350 553.725)
(100 350 539.3)
(125 350 524.875)
(150 350 510.45)
(175 350 496.025)
(200 350 481.6)
(225 350 467.175)
(250 350 452.75)
(275 350 438.325)
(300 350 423.9)
(325 350 409.475)
(350 350 395.05)
(375 350 380.625)
(400 350 366.2)
(425 350 351.775)
(450 350 337.35)
(475 350 322.925)
(500 350 308.5)
(525 350 294.075)
(550 350 279.65)
(575 350 265.225)
(600 350 250.8)
(625 350 236.375)
(650 350 221.95)
(675 350 207.525)
(700 350 193.1)
(725 350 178.675)
(750 350 164.25)
(775 350 149.825)
(800 350 135.4)
(825 350 120.975)
(850 350 106.55)
(875 350 92.125)
(900 350 77.7)
(925 350 63.275)
(950 350 48.85)
(975 350 34.425)
(1000 350 20)
(0 375 597)
(25 375 582.575)
(50 375 568.15)
(75 375 553.725)
(100 375 539.3)
(125 375 524.875)
(150 375 510.45)
(175 375 496.025)
(200 375 481.6)
(225 375 467.175)
(250 375 452.75)
(275 375 438.325)
(300 375 423.9)
(325 375 409.475)
(350 375 395.05)
(375 375 380.625)
(400 375 366.2)
(425 375 351.775)
(450 375 337.35)
(475 375 322.925)
(500 375 308.5)
(525 375 294.075)
(550 375 279.65)
(575 375 265.225)
(600 375 250.8)
(625 375 236.375)
(650 375 221.95)
(675 375 207.525)
(700 375 193.1)
(725 375 178.675)
(750 375 164.25)
(775 375 149.825)
(800 375 135.4)
(825 375 120.975)
(850 375 106.55)
(875 375 92.125)
(900 375 77.7)
(925 375 63.275)
(950 375 48.85)
(975 375 34.425)
(1000 375 20)
(0 400 597)
(25 400 582.575)
(50 400 568.15)
(75 400 553.725)
(100 400 539.3)
(125 400 524.875)
(150 400 510.45)
(175 400 496.025)
(200 400 481.6)
(225 400 467.175)
(250 400 452.75)
(275 400 438.325)
(300 400 423.9)
(325 400 409.475)
(350 400 395.05)
(375 400 380.625)
(400 400 366.2)
(425 400 351.775)
(450 400 337.35)
(475 400 322.925)
(500 400 308.5)
(525 400 294.075)
(550 400 279.65)
(575 400 265.225)
(600 400 250.8)
(625 400 236.375)
(650 400 221.95)
(675 400 207.525)
(700 400 193.1)
(725 400 178.675)
(750 400 164.25)
(775 400 149.825)
(800 400 135.4)
(825 400 120.975)
(850 400 106.55)
(875 400 92.125)
(900 400 77.7)
(925 400 63.275)
(950 400 48.85)
(975 400 34.425)
(1000 400 20)
(0 425 597)
(25 425 582.575)
(50 425 568.15)
(75 425 553.725)
(100 425 539.3)
(125 425 524.875)
(150 425 510.45)
(175 425 496.025)
(200 425 481.6)
(225 425 467.175)
(250 425 452.75)
(275 425 438.325)
(300 425 423.9)
(325 425 409.475)
(350 425 395.05)
(375 425 380.625)
(400 425 366.2)
(425 425 351.775)
(450 425 337.35)
(475 425 322.925)
(500 425 308.5)
(525 425 294.075)
(550 425 279.65)
(575 425 265.225)
(600 425 250.8)
(625 425 236.375)
(650 425 221.95)
(675 425 207.525)
(700 425 193.1)
(725 425 178.675)
(750 425 164.25)
(775 425 149.825)
(800 425 135.4)
(825 425 120.975)
(850 425 106.55)
(875 425 92.125)
(900 425 77.7)
(925 425 63.275)
(950 425 48.85)
(975 425 34.425)
(1000 425 20)
(0 450 597)
(25 450 582.575)
(50 450 568.15)
(75 450 553.725)
(100 450 539.3)
(125 450 524.875)
(150 450 510.45)
(175 450 496.025)
(200 450 481.6)
(225 450 467.175)
(250 450 452.75)
(275 450 438.325)
(300 450 423.9)
(325 450 409.475)
(350 450 395.05)
(375 450 380.625)
(400 450 366.2)
(425 450 351.775)
(450 450 337.35)
(475 450 322.925)
(500 450 308.5)
(525 450 294.075)
(550 450 279.65)
(575 450 265.225)
(600 450 250.8)
(625 450 236.375)
(650 450 221.95)
(675 450 207.525)
(700 450 193.1)
(725 450 178.675)
(750 450 164.25)
(775 450 149.825)
(800 450 135.4)
(825 450 120.975)
(850 450 106.55)
(875 450 92.125)
(900 450 77.7)
(925 450 63.275)
(950 450 48.85)
(975 450 34.425)
(1000 450 20)
(0 475 597)
(25 475 582.575)
(50 475 568.15)
(75 475 553.725)
(100 475 539.3)
(125 475 524.875)
(150 475 510.45)
(175 475 496.025)
(200 475 481.6)
(225 475 467.175)
(250 475 452.75)
(275 475 438.325)
(300 475 423.9)
(325 475 409.475)
(350 475 395.05)
(375 475 380.625)
(400 475 366.2)
(425 475 351.775)
(450 475 337.35)
(475 475 322.925)
(500 475 308.5)
(525 475 294.075)
(550 475 279.65)
(575 475 265.225)
(600 475 250.8)
(625 475 236.375)
(650 475 221.95)
(675 475 207.525)
(700 475 193.1)
(725 475 178.675)
(750 475 164.25)
(775 475 149.825)
(800 475 135.4)
(825 475 120.975)
(850 475 106.55)
(875 475 92.125)
(900 475 77.7)
(925 475 63.275)
(950 475 48.85)
(975 475 34.425)
(1000 475 20)
(0 500 597)
(25 500 582.575)
(50 500 568.15)
(75 500 553.725)
(100 500 539.3)
(125 500 524.875)
(150 500 510.45)
(175 500 496.025)
(200 500 481.6)
(225 500 467.175)
(250 500 452.75)
(275 500 438.325)
(300 500 423.9)
(325 500 409.475)
(350 500 395.05)
(375 500 380.625)
(400 500 366.2)
(425 500 351.775)
(450 500 337.35)
(475 500 322.925)
(500 500 308.5)
(525 500 294.075)
(550 500 279.65)
(575 500 265.225)
(600 500 250.8)
(625 500 236.375)
(650 500 221.95)
(675 500 207.525)
(700 500 193.1)
(725 500 178.675)
(750 500 164.25)
(775 500 149.825)
(800 500 135.4)
(825 500 120.975)
(850 500 106.55)
(875 500 92.125)
(900 500 77.7)
(925 500 63.275)
(950 500 48.85)
(975 500 34.425)
(1000 500 20)
)


// ************************************************************************* //
