/*--------------------------------*- C++ -*----------------------------------*\
| =========                 |                                                 |
| \\      /  F ield         | OpenFOAM: The Open Source CFD Toolbox           |
|  \\    /   O peration     | Version:  3.0.1                                 |
|   \\  /    A nd           | Web:      www.OpenFOAM.org                      |
|    \\/     M anipulation  |                                                 |
\*---------------------------------------------------------------------------*/
FoamFile
{
    version     2.0;
    format      ascii;
    class       labelList;
    note        "nPoints: 4305 nCells: 3200 nFaces: 10640 nInternalFaces: 8560";
    location    "constant/polyMesh";
    object      neighbour;
}
// * * * * * * * * * * * * * * * * * * * * * * * * * * * * * * * * * * * * * //


8560
(
1
40
800
2
41
801
3
42
802
4
43
803
5
44
804
6
45
805
7
46
806
8
47
807
9
48
808
10
49
809
11
50
810
12
51
811
13
52
812
14
53
813
15
54
814
16
55
815
17
56
816
18
57
817
19
58
818
20
59
819
21
60
820
22
61
821
23
62
822
24
63
823
25
64
824
26
65
825
27
66
826
28
67
827
29
68
828
30
69
829
31
70
830
32
71
831
33
72
832
34
73
833
35
74
834
36
75
835
37
76
836
38
77
837
39
78
838
79
839
41
80
840
42
81
841
43
82
842
44
83
843
45
84
844
46
85
845
47
86
846
48
87
847
49
88
848
50
89
849
51
90
850
52
91
851
53
92
852
54
93
853
55
94
854
56
95
855
57
96
856
58
97
857
59
98
858
60
99
859
61
100
860
62
101
861
63
102
862
64
103
863
65
104
864
66
105
865
67
106
866
68
107
867
69
108
868
70
109
869
71
110
870
72
111
871
73
112
872
74
113
873
75
114
874
76
115
875
77
116
876
78
117
877
79
118
878
119
879
81
120
880
82
121
881
83
122
882
84
123
883
85
124
884
86
125
885
87
126
886
88
127
887
89
128
888
90
129
889
91
130
890
92
131
891
93
132
892
94
133
893
95
134
894
96
135
895
97
136
896
98
137
897
99
138
898
100
139
899
101
140
900
102
141
901
103
142
902
104
143
903
105
144
904
106
145
905
107
146
906
108
147
907
109
148
908
110
149
909
111
150
910
112
151
911
113
152
912
114
153
913
115
154
914
116
155
915
117
156
916
118
157
917
119
158
918
159
919
121
160
920
122
161
921
123
162
922
124
163
923
125
164
924
126
165
925
127
166
926
128
167
927
129
168
928
130
169
929
131
170
930
132
171
931
133
172
932
134
173
933
135
174
934
136
175
935
137
176
936
138
177
937
139
178
938
140
179
939
141
180
940
142
181
941
143
182
942
144
183
943
145
184
944
146
185
945
147
186
946
148
187
947
149
188
948
150
189
949
151
190
950
152
191
951
153
192
952
154
193
953
155
194
954
156
195
955
157
196
956
158
197
957
159
198
958
199
959
161
200
960
162
201
961
163
202
962
164
203
963
165
204
964
166
205
965
167
206
966
168
207
967
169
208
968
170
209
969
171
210
970
172
211
971
173
212
972
174
213
973
175
214
974
176
215
975
177
216
976
178
217
977
179
218
978
180
219
979
181
220
980
182
221
981
183
222
982
184
223
983
185
224
984
186
225
985
187
226
986
188
227
987
189
228
988
190
229
989
191
230
990
192
231
991
193
232
992
194
233
993
195
234
994
196
235
995
197
236
996
198
237
997
199
238
998
239
999
201
240
1000
202
241
1001
203
242
1002
204
243
1003
205
244
1004
206
245
1005
207
246
1006
208
247
1007
209
248
1008
210
249
1009
211
250
1010
212
251
1011
213
252
1012
214
253
1013
215
254
1014
216
255
1015
217
256
1016
218
257
1017
219
258
1018
220
259
1019
221
260
1020
222
261
1021
223
262
1022
224
263
1023
225
264
1024
226
265
1025
227
266
1026
228
267
1027
229
268
1028
230
269
1029
231
270
1030
232
271
1031
233
272
1032
234
273
1033
235
274
1034
236
275
1035
237
276
1036
238
277
1037
239
278
1038
279
1039
241
280
1040
242
281
1041
243
282
1042
244
283
1043
245
284
1044
246
285
1045
247
286
1046
248
287
1047
249
288
1048
250
289
1049
251
290
1050
252
291
1051
253
292
1052
254
293
1053
255
294
1054
256
295
1055
257
296
1056
258
297
1057
259
298
1058
260
299
1059
261
300
1060
262
301
1061
263
302
1062
264
303
1063
265
304
1064
266
305
1065
267
306
1066
268
307
1067
269
308
1068
270
309
1069
271
310
1070
272
311
1071
273
312
1072
274
313
1073
275
314
1074
276
315
1075
277
316
1076
278
317
1077
279
318
1078
319
1079
281
320
1080
282
321
1081
283
322
1082
284
323
1083
285
324
1084
286
325
1085
287
326
1086
288
327
1087
289
328
1088
290
329
1089
291
330
1090
292
331
1091
293
332
1092
294
333
1093
295
334
1094
296
335
1095
297
336
1096
298
337
1097
299
338
1098
300
339
1099
301
340
1100
302
341
1101
303
342
1102
304
343
1103
305
344
1104
306
345
1105
307
346
1106
308
347
1107
309
348
1108
310
349
1109
311
350
1110
312
351
1111
313
352
1112
314
353
1113
315
354
1114
316
355
1115
317
356
1116
318
357
1117
319
358
1118
359
1119
321
360
1120
322
361
1121
323
362
1122
324
363
1123
325
364
1124
326
365
1125
327
366
1126
328
367
1127
329
368
1128
330
369
1129
331
370
1130
332
371
1131
333
372
1132
334
373
1133
335
374
1134
336
375
1135
337
376
1136
338
377
1137
339
378
1138
340
379
1139
341
380
1140
342
381
1141
343
382
1142
344
383
1143
345
384
1144
346
385
1145
347
386
1146
348
387
1147
349
388
1148
350
389
1149
351
390
1150
352
391
1151
353
392
1152
354
393
1153
355
394
1154
356
395
1155
357
396
1156
358
397
1157
359
398
1158
399
1159
361
400
1160
362
401
1161
363
402
1162
364
403
1163
365
404
1164
366
405
1165
367
406
1166
368
407
1167
369
408
1168
370
409
1169
371
410
1170
372
411
1171
373
412
1172
374
413
1173
375
414
1174
376
415
1175
377
416
1176
378
417
1177
379
418
1178
380
419
1179
381
420
1180
382
421
1181
383
422
1182
384
423
1183
385
424
1184
386
425
1185
387
426
1186
388
427
1187
389
428
1188
390
429
1189
391
430
1190
392
431
1191
393
432
1192
394
433
1193
395
434
1194
396
435
1195
397
436
1196
398
437
1197
399
438
1198
439
1199
401
440
1200
402
441
1201
403
442
1202
404
443
1203
405
444
1204
406
445
1205
407
446
1206
408
447
1207
409
448
1208
410
449
1209
411
450
1210
412
451
1211
413
452
1212
414
453
1213
415
454
1214
416
455
1215
417
456
1216
418
457
1217
419
458
1218
420
459
1219
421
460
1220
422
461
1221
423
462
1222
424
463
1223
425
464
1224
426
465
1225
427
466
1226
428
467
1227
429
468
1228
430
469
1229
431
470
1230
432
471
1231
433
472
1232
434
473
1233
435
474
1234
436
475
1235
437
476
1236
438
477
1237
439
478
1238
479
1239
441
480
1240
442
481
1241
443
482
1242
444
483
1243
445
484
1244
446
485
1245
447
486
1246
448
487
1247
449
488
1248
450
489
1249
451
490
1250
452
491
1251
453
492
1252
454
493
1253
455
494
1254
456
495
1255
457
496
1256
458
497
1257
459
498
1258
460
499
1259
461
500
1260
462
501
1261
463
502
1262
464
503
1263
465
504
1264
466
505
1265
467
506
1266
468
507
1267
469
508
1268
470
509
1269
471
510
1270
472
511
1271
473
512
1272
474
513
1273
475
514
1274
476
515
1275
477
516
1276
478
517
1277
479
518
1278
519
1279
481
520
1280
482
521
1281
483
522
1282
484
523
1283
485
524
1284
486
525
1285
487
526
1286
488
527
1287
489
528
1288
490
529
1289
491
530
1290
492
531
1291
493
532
1292
494
533
1293
495
534
1294
496
535
1295
497
536
1296
498
537
1297
499
538
1298
500
539
1299
501
540
1300
502
541
1301
503
542
1302
504
543
1303
505
544
1304
506
545
1305
507
546
1306
508
547
1307
509
548
1308
510
549
1309
511
550
1310
512
551
1311
513
552
1312
514
553
1313
515
554
1314
516
555
1315
517
556
1316
518
557
1317
519
558
1318
559
1319
521
560
1320
522
561
1321
523
562
1322
524
563
1323
525
564
1324
526
565
1325
527
566
1326
528
567
1327
529
568
1328
530
569
1329
531
570
1330
532
571
1331
533
572
1332
534
573
1333
535
574
1334
536
575
1335
537
576
1336
538
577
1337
539
578
1338
540
579
1339
541
580
1340
542
581
1341
543
582
1342
544
583
1343
545
584
1344
546
585
1345
547
586
1346
548
587
1347
549
588
1348
550
589
1349
551
590
1350
552
591
1351
553
592
1352
554
593
1353
555
594
1354
556
595
1355
557
596
1356
558
597
1357
559
598
1358
599
1359
561
600
1360
562
601
1361
563
602
1362
564
603
1363
565
604
1364
566
605
1365
567
606
1366
568
607
1367
569
608
1368
570
609
1369
571
610
1370
572
611
1371
573
612
1372
574
613
1373
575
614
1374
576
615
1375
577
616
1376
578
617
1377
579
618
1378
580
619
1379
581
620
1380
582
621
1381
583
622
1382
584
623
1383
585
624
1384
586
625
1385
587
626
1386
588
627
1387
589
628
1388
590
629
1389
591
630
1390
592
631
1391
593
632
1392
594
633
1393
595
634
1394
596
635
1395
597
636
1396
598
637
1397
599
638
1398
639
1399
601
640
1400
602
641
1401
603
642
1402
604
643
1403
605
644
1404
606
645
1405
607
646
1406
608
647
1407
609
648
1408
610
649
1409
611
650
1410
612
651
1411
613
652
1412
614
653
1413
615
654
1414
616
655
1415
617
656
1416
618
657
1417
619
658
1418
620
659
1419
621
660
1420
622
661
1421
623
662
1422
624
663
1423
625
664
1424
626
665
1425
627
666
1426
628
667
1427
629
668
1428
630
669
1429
631
670
1430
632
671
1431
633
672
1432
634
673
1433
635
674
1434
636
675
1435
637
676
1436
638
677
1437
639
678
1438
679
1439
641
680
1440
642
681
1441
643
682
1442
644
683
1443
645
684
1444
646
685
1445
647
686
1446
648
687
1447
649
688
1448
650
689
1449
651
690
1450
652
691
1451
653
692
1452
654
693
1453
655
694
1454
656
695
1455
657
696
1456
658
697
1457
659
698
1458
660
699
1459
661
700
1460
662
701
1461
663
702
1462
664
703
1463
665
704
1464
666
705
1465
667
706
1466
668
707
1467
669
708
1468
670
709
1469
671
710
1470
672
711
1471
673
712
1472
674
713
1473
675
714
1474
676
715
1475
677
716
1476
678
717
1477
679
718
1478
719
1479
681
720
1480
682
721
1481
683
722
1482
684
723
1483
685
724
1484
686
725
1485
687
726
1486
688
727
1487
689
728
1488
690
729
1489
691
730
1490
692
731
1491
693
732
1492
694
733
1493
695
734
1494
696
735
1495
697
736
1496
698
737
1497
699
738
1498
700
739
1499
701
740
1500
702
741
1501
703
742
1502
704
743
1503
705
744
1504
706
745
1505
707
746
1506
708
747
1507
709
748
1508
710
749
1509
711
750
1510
712
751
1511
713
752
1512
714
753
1513
715
754
1514
716
755
1515
717
756
1516
718
757
1517
719
758
1518
759
1519
721
760
1520
722
761
1521
723
762
1522
724
763
1523
725
764
1524
726
765
1525
727
766
1526
728
767
1527
729
768
1528
730
769
1529
731
770
1530
732
771
1531
733
772
1532
734
773
1533
735
774
1534
736
775
1535
737
776
1536
738
777
1537
739
778
1538
740
779
1539
741
780
1540
742
781
1541
743
782
1542
744
783
1543
745
784
1544
746
785
1545
747
786
1546
748
787
1547
749
788
1548
750
789
1549
751
790
1550
752
791
1551
753
792
1552
754
793
1553
755
794
1554
756
795
1555
757
796
1556
758
797
1557
759
798
1558
799
1559
761
1560
762
1561
763
1562
764
1563
765
1564
766
1565
767
1566
768
1567
769
1568
770
1569
771
1570
772
1571
773
1572
774
1573
775
1574
776
1575
777
1576
778
1577
779
1578
780
1579
781
1580
782
1581
783
1582
784
1583
785
1584
786
1585
787
1586
788
1587
789
1588
790
1589
791
1590
792
1591
793
1592
794
1593
795
1594
796
1595
797
1596
798
1597
799
1598
1599
801
840
1600
802
841
1601
803
842
1602
804
843
1603
805
844
1604
806
845
1605
807
846
1606
808
847
1607
809
848
1608
810
849
1609
811
850
1610
812
851
1611
813
852
1612
814
853
1613
815
854
1614
816
855
1615
817
856
1616
818
857
1617
819
858
1618
820
859
1619
821
860
1620
822
861
1621
823
862
1622
824
863
1623
825
864
1624
826
865
1625
827
866
1626
828
867
1627
829
868
1628
830
869
1629
831
870
1630
832
871
1631
833
872
1632
834
873
1633
835
874
1634
836
875
1635
837
876
1636
838
877
1637
839
878
1638
879
1639
841
880
1640
842
881
1641
843
882
1642
844
883
1643
845
884
1644
846
885
1645
847
886
1646
848
887
1647
849
888
1648
850
889
1649
851
890
1650
852
891
1651
853
892
1652
854
893
1653
855
894
1654
856
895
1655
857
896
1656
858
897
1657
859
898
1658
860
899
1659
861
900
1660
862
901
1661
863
902
1662
864
903
1663
865
904
1664
866
905
1665
867
906
1666
868
907
1667
869
908
1668
870
909
1669
871
910
1670
872
911
1671
873
912
1672
874
913
1673
875
914
1674
876
915
1675
877
916
1676
878
917
1677
879
918
1678
919
1679
881
920
1680
882
921
1681
883
922
1682
884
923
1683
885
924
1684
886
925
1685
887
926
1686
888
927
1687
889
928
1688
890
929
1689
891
930
1690
892
931
1691
893
932
1692
894
933
1693
895
934
1694
896
935
1695
897
936
1696
898
937
1697
899
938
1698
900
939
1699
901
940
1700
902
941
1701
903
942
1702
904
943
1703
905
944
1704
906
945
1705
907
946
1706
908
947
1707
909
948
1708
910
949
1709
911
950
1710
912
951
1711
913
952
1712
914
953
1713
915
954
1714
916
955
1715
917
956
1716
918
957
1717
919
958
1718
959
1719
921
960
1720
922
961
1721
923
962
1722
924
963
1723
925
964
1724
926
965
1725
927
966
1726
928
967
1727
929
968
1728
930
969
1729
931
970
1730
932
971
1731
933
972
1732
934
973
1733
935
974
1734
936
975
1735
937
976
1736
938
977
1737
939
978
1738
940
979
1739
941
980
1740
942
981
1741
943
982
1742
944
983
1743
945
984
1744
946
985
1745
947
986
1746
948
987
1747
949
988
1748
950
989
1749
951
990
1750
952
991
1751
953
992
1752
954
993
1753
955
994
1754
956
995
1755
957
996
1756
958
997
1757
959
998
1758
999
1759
961
1000
1760
962
1001
1761
963
1002
1762
964
1003
1763
965
1004
1764
966
1005
1765
967
1006
1766
968
1007
1767
969
1008
1768
970
1009
1769
971
1010
1770
972
1011
1771
973
1012
1772
974
1013
1773
975
1014
1774
976
1015
1775
977
1016
1776
978
1017
1777
979
1018
1778
980
1019
1779
981
1020
1780
982
1021
1781
983
1022
1782
984
1023
1783
985
1024
1784
986
1025
1785
987
1026
1786
988
1027
1787
989
1028
1788
990
1029
1789
991
1030
1790
992
1031
1791
993
1032
1792
994
1033
1793
995
1034
1794
996
1035
1795
997
1036
1796
998
1037
1797
999
1038
1798
1039
1799
1001
1040
1800
1002
1041
1801
1003
1042
1802
1004
1043
1803
1005
1044
1804
1006
1045
1805
1007
1046
1806
1008
1047
1807
1009
1048
1808
1010
1049
1809
1011
1050
1810
1012
1051
1811
1013
1052
1812
1014
1053
1813
1015
1054
1814
1016
1055
1815
1017
1056
1816
1018
1057
1817
1019
1058
1818
1020
1059
1819
1021
1060
1820
1022
1061
1821
1023
1062
1822
1024
1063
1823
1025
1064
1824
1026
1065
1825
1027
1066
1826
1028
1067
1827
1029
1068
1828
1030
1069
1829
1031
1070
1830
1032
1071
1831
1033
1072
1832
1034
1073
1833
1035
1074
1834
1036
1075
1835
1037
1076
1836
1038
1077
1837
1039
1078
1838
1079
1839
1041
1080
1840
1042
1081
1841
1043
1082
1842
1044
1083
1843
1045
1084
1844
1046
1085
1845
1047
1086
1846
1048
1087
1847
1049
1088
1848
1050
1089
1849
1051
1090
1850
1052
1091
1851
1053
1092
1852
1054
1093
1853
1055
1094
1854
1056
1095
1855
1057
1096
1856
1058
1097
1857
1059
1098
1858
1060
1099
1859
1061
1100
1860
1062
1101
1861
1063
1102
1862
1064
1103
1863
1065
1104
1864
1066
1105
1865
1067
1106
1866
1068
1107
1867
1069
1108
1868
1070
1109
1869
1071
1110
1870
1072
1111
1871
1073
1112
1872
1074
1113
1873
1075
1114
1874
1076
1115
1875
1077
1116
1876
1078
1117
1877
1079
1118
1878
1119
1879
1081
1120
1880
1082
1121
1881
1083
1122
1882
1084
1123
1883
1085
1124
1884
1086
1125
1885
1087
1126
1886
1088
1127
1887
1089
1128
1888
1090
1129
1889
1091
1130
1890
1092
1131
1891
1093
1132
1892
1094
1133
1893
1095
1134
1894
1096
1135
1895
1097
1136
1896
1098
1137
1897
1099
1138
1898
1100
1139
1899
1101
1140
1900
1102
1141
1901
1103
1142
1902
1104
1143
1903
1105
1144
1904
1106
1145
1905
1107
1146
1906
1108
1147
1907
1109
1148
1908
1110
1149
1909
1111
1150
1910
1112
1151
1911
1113
1152
1912
1114
1153
1913
1115
1154
1914
1116
1155
1915
1117
1156
1916
1118
1157
1917
1119
1158
1918
1159
1919
1121
1160
1920
1122
1161
1921
1123
1162
1922
1124
1163
1923
1125
1164
1924
1126
1165
1925
1127
1166
1926
1128
1167
1927
1129
1168
1928
1130
1169
1929
1131
1170
1930
1132
1171
1931
1133
1172
1932
1134
1173
1933
1135
1174
1934
1136
1175
1935
1137
1176
1936
1138
1177
1937
1139
1178
1938
1140
1179
1939
1141
1180
1940
1142
1181
1941
1143
1182
1942
1144
1183
1943
1145
1184
1944
1146
1185
1945
1147
1186
1946
1148
1187
1947
1149
1188
1948
1150
1189
1949
1151
1190
1950
1152
1191
1951
1153
1192
1952
1154
1193
1953
1155
1194
1954
1156
1195
1955
1157
1196
1956
1158
1197
1957
1159
1198
1958
1199
1959
1161
1200
1960
1162
1201
1961
1163
1202
1962
1164
1203
1963
1165
1204
1964
1166
1205
1965
1167
1206
1966
1168
1207
1967
1169
1208
1968
1170
1209
1969
1171
1210
1970
1172
1211
1971
1173
1212
1972
1174
1213
1973
1175
1214
1974
1176
1215
1975
1177
1216
1976
1178
1217
1977
1179
1218
1978
1180
1219
1979
1181
1220
1980
1182
1221
1981
1183
1222
1982
1184
1223
1983
1185
1224
1984
1186
1225
1985
1187
1226
1986
1188
1227
1987
1189
1228
1988
1190
1229
1989
1191
1230
1990
1192
1231
1991
1193
1232
1992
1194
1233
1993
1195
1234
1994
1196
1235
1995
1197
1236
1996
1198
1237
1997
1199
1238
1998
1239
1999
1201
1240
2000
1202
1241
2001
1203
1242
2002
1204
1243
2003
1205
1244
2004
1206
1245
2005
1207
1246
2006
1208
1247
2007
1209
1248
2008
1210
1249
2009
1211
1250
2010
1212
1251
2011
1213
1252
2012
1214
1253
2013
1215
1254
2014
1216
1255
2015
1217
1256
2016
1218
1257
2017
1219
1258
2018
1220
1259
2019
1221
1260
2020
1222
1261
2021
1223
1262
2022
1224
1263
2023
1225
1264
2024
1226
1265
2025
1227
1266
2026
1228
1267
2027
1229
1268
2028
1230
1269
2029
1231
1270
2030
1232
1271
2031
1233
1272
2032
1234
1273
2033
1235
1274
2034
1236
1275
2035
1237
1276
2036
1238
1277
2037
1239
1278
2038
1279
2039
1241
1280
2040
1242
1281
2041
1243
1282
2042
1244
1283
2043
1245
1284
2044
1246
1285
2045
1247
1286
2046
1248
1287
2047
1249
1288
2048
1250
1289
2049
1251
1290
2050
1252
1291
2051
1253
1292
2052
1254
1293
2053
1255
1294
2054
1256
1295
2055
1257
1296
2056
1258
1297
2057
1259
1298
2058
1260
1299
2059
1261
1300
2060
1262
1301
2061
1263
1302
2062
1264
1303
2063
1265
1304
2064
1266
1305
2065
1267
1306
2066
1268
1307
2067
1269
1308
2068
1270
1309
2069
1271
1310
2070
1272
1311
2071
1273
1312
2072
1274
1313
2073
1275
1314
2074
1276
1315
2075
1277
1316
2076
1278
1317
2077
1279
1318
2078
1319
2079
1281
1320
2080
1282
1321
2081
1283
1322
2082
1284
1323
2083
1285
1324
2084
1286
1325
2085
1287
1326
2086
1288
1327
2087
1289
1328
2088
1290
1329
2089
1291
1330
2090
1292
1331
2091
1293
1332
2092
1294
1333
2093
1295
1334
2094
1296
1335
2095
1297
1336
2096
1298
1337
2097
1299
1338
2098
1300
1339
2099
1301
1340
2100
1302
1341
2101
1303
1342
2102
1304
1343
2103
1305
1344
2104
1306
1345
2105
1307
1346
2106
1308
1347
2107
1309
1348
2108
1310
1349
2109
1311
1350
2110
1312
1351
2111
1313
1352
2112
1314
1353
2113
1315
1354
2114
1316
1355
2115
1317
1356
2116
1318
1357
2117
1319
1358
2118
1359
2119
1321
1360
2120
1322
1361
2121
1323
1362
2122
1324
1363
2123
1325
1364
2124
1326
1365
2125
1327
1366
2126
1328
1367
2127
1329
1368
2128
1330
1369
2129
1331
1370
2130
1332
1371
2131
1333
1372
2132
1334
1373
2133
1335
1374
2134
1336
1375
2135
1337
1376
2136
1338
1377
2137
1339
1378
2138
1340
1379
2139
1341
1380
2140
1342
1381
2141
1343
1382
2142
1344
1383
2143
1345
1384
2144
1346
1385
2145
1347
1386
2146
1348
1387
2147
1349
1388
2148
1350
1389
2149
1351
1390
2150
1352
1391
2151
1353
1392
2152
1354
1393
2153
1355
1394
2154
1356
1395
2155
1357
1396
2156
1358
1397
2157
1359
1398
2158
1399
2159
1361
1400
2160
1362
1401
2161
1363
1402
2162
1364
1403
2163
1365
1404
2164
1366
1405
2165
1367
1406
2166
1368
1407
2167
1369
1408
2168
1370
1409
2169
1371
1410
2170
1372
1411
2171
1373
1412
2172
1374
1413
2173
1375
1414
2174
1376
1415
2175
1377
1416
2176
1378
1417
2177
1379
1418
2178
1380
1419
2179
1381
1420
2180
1382
1421
2181
1383
1422
2182
1384
1423
2183
1385
1424
2184
1386
1425
2185
1387
1426
2186
1388
1427
2187
1389
1428
2188
1390
1429
2189
1391
1430
2190
1392
1431
2191
1393
1432
2192
1394
1433
2193
1395
1434
2194
1396
1435
2195
1397
1436
2196
1398
1437
2197
1399
1438
2198
1439
2199
1401
1440
2200
1402
1441
2201
1403
1442
2202
1404
1443
2203
1405
1444
2204
1406
1445
2205
1407
1446
2206
1408
1447
2207
1409
1448
2208
1410
1449
2209
1411
1450
2210
1412
1451
2211
1413
1452
2212
1414
1453
2213
1415
1454
2214
1416
1455
2215
1417
1456
2216
1418
1457
2217
1419
1458
2218
1420
1459
2219
1421
1460
2220
1422
1461
2221
1423
1462
2222
1424
1463
2223
1425
1464
2224
1426
1465
2225
1427
1466
2226
1428
1467
2227
1429
1468
2228
1430
1469
2229
1431
1470
2230
1432
1471
2231
1433
1472
2232
1434
1473
2233
1435
1474
2234
1436
1475
2235
1437
1476
2236
1438
1477
2237
1439
1478
2238
1479
2239
1441
1480
2240
1442
1481
2241
1443
1482
2242
1444
1483
2243
1445
1484
2244
1446
1485
2245
1447
1486
2246
1448
1487
2247
1449
1488
2248
1450
1489
2249
1451
1490
2250
1452
1491
2251
1453
1492
2252
1454
1493
2253
1455
1494
2254
1456
1495
2255
1457
1496
2256
1458
1497
2257
1459
1498
2258
1460
1499
2259
1461
1500
2260
1462
1501
2261
1463
1502
2262
1464
1503
2263
1465
1504
2264
1466
1505
2265
1467
1506
2266
1468
1507
2267
1469
1508
2268
1470
1509
2269
1471
1510
2270
1472
1511
2271
1473
1512
2272
1474
1513
2273
1475
1514
2274
1476
1515
2275
1477
1516
2276
1478
1517
2277
1479
1518
2278
1519
2279
1481
1520
2280
1482
1521
2281
1483
1522
2282
1484
1523
2283
1485
1524
2284
1486
1525
2285
1487
1526
2286
1488
1527
2287
1489
1528
2288
1490
1529
2289
1491
1530
2290
1492
1531
2291
1493
1532
2292
1494
1533
2293
1495
1534
2294
1496
1535
2295
1497
1536
2296
1498
1537
2297
1499
1538
2298
1500
1539
2299
1501
1540
2300
1502
1541
2301
1503
1542
2302
1504
1543
2303
1505
1544
2304
1506
1545
2305
1507
1546
2306
1508
1547
2307
1509
1548
2308
1510
1549
2309
1511
1550
2310
1512
1551
2311
1513
1552
2312
1514
1553
2313
1515
1554
2314
1516
1555
2315
1517
1556
2316
1518
1557
2317
1519
1558
2318
1559
2319
1521
1560
2320
1522
1561
2321
1523
1562
2322
1524
1563
2323
1525
1564
2324
1526
1565
2325
1527
1566
2326
1528
1567
2327
1529
1568
2328
1530
1569
2329
1531
1570
2330
1532
1571
2331
1533
1572
2332
1534
1573
2333
1535
1574
2334
1536
1575
2335
1537
1576
2336
1538
1577
2337
1539
1578
2338
1540
1579
2339
1541
1580
2340
1542
1581
2341
1543
1582
2342
1544
1583
2343
1545
1584
2344
1546
1585
2345
1547
1586
2346
1548
1587
2347
1549
1588
2348
1550
1589
2349
1551
1590
2350
1552
1591
2351
1553
1592
2352
1554
1593
2353
1555
1594
2354
1556
1595
2355
1557
1596
2356
1558
1597
2357
1559
1598
2358
1599
2359
1561
2360
1562
2361
1563
2362
1564
2363
1565
2364
1566
2365
1567
2366
1568
2367
1569
2368
1570
2369
1571
2370
1572
2371
1573
2372
1574
2373
1575
2374
1576
2375
1577
2376
1578
2377
1579
2378
1580
2379
1581
2380
1582
2381
1583
2382
1584
2383
1585
2384
1586
2385
1587
2386
1588
2387
1589
2388
1590
2389
1591
2390
1592
2391
1593
2392
1594
2393
1595
2394
1596
2395
1597
2396
1598
2397
1599
2398
2399
1601
1640
2400
1602
1641
2401
1603
1642
2402
1604
1643
2403
1605
1644
2404
1606
1645
2405
1607
1646
2406
1608
1647
2407
1609
1648
2408
1610
1649
2409
1611
1650
2410
1612
1651
2411
1613
1652
2412
1614
1653
2413
1615
1654
2414
1616
1655
2415
1617
1656
2416
1618
1657
2417
1619
1658
2418
1620
1659
2419
1621
1660
2420
1622
1661
2421
1623
1662
2422
1624
1663
2423
1625
1664
2424
1626
1665
2425
1627
1666
2426
1628
1667
2427
1629
1668
2428
1630
1669
2429
1631
1670
2430
1632
1671
2431
1633
1672
2432
1634
1673
2433
1635
1674
2434
1636
1675
2435
1637
1676
2436
1638
1677
2437
1639
1678
2438
1679
2439
1641
1680
2440
1642
1681
2441
1643
1682
2442
1644
1683
2443
1645
1684
2444
1646
1685
2445
1647
1686
2446
1648
1687
2447
1649
1688
2448
1650
1689
2449
1651
1690
2450
1652
1691
2451
1653
1692
2452
1654
1693
2453
1655
1694
2454
1656
1695
2455
1657
1696
2456
1658
1697
2457
1659
1698
2458
1660
1699
2459
1661
1700
2460
1662
1701
2461
1663
1702
2462
1664
1703
2463
1665
1704
2464
1666
1705
2465
1667
1706
2466
1668
1707
2467
1669
1708
2468
1670
1709
2469
1671
1710
2470
1672
1711
2471
1673
1712
2472
1674
1713
2473
1675
1714
2474
1676
1715
2475
1677
1716
2476
1678
1717
2477
1679
1718
2478
1719
2479
1681
1720
2480
1682
1721
2481
1683
1722
2482
1684
1723
2483
1685
1724
2484
1686
1725
2485
1687
1726
2486
1688
1727
2487
1689
1728
2488
1690
1729
2489
1691
1730
2490
1692
1731
2491
1693
1732
2492
1694
1733
2493
1695
1734
2494
1696
1735
2495
1697
1736
2496
1698
1737
2497
1699
1738
2498
1700
1739
2499
1701
1740
2500
1702
1741
2501
1703
1742
2502
1704
1743
2503
1705
1744
2504
1706
1745
2505
1707
1746
2506
1708
1747
2507
1709
1748
2508
1710
1749
2509
1711
1750
2510
1712
1751
2511
1713
1752
2512
1714
1753
2513
1715
1754
2514
1716
1755
2515
1717
1756
2516
1718
1757
2517
1719
1758
2518
1759
2519
1721
1760
2520
1722
1761
2521
1723
1762
2522
1724
1763
2523
1725
1764
2524
1726
1765
2525
1727
1766
2526
1728
1767
2527
1729
1768
2528
1730
1769
2529
1731
1770
2530
1732
1771
2531
1733
1772
2532
1734
1773
2533
1735
1774
2534
1736
1775
2535
1737
1776
2536
1738
1777
2537
1739
1778
2538
1740
1779
2539
1741
1780
2540
1742
1781
2541
1743
1782
2542
1744
1783
2543
1745
1784
2544
1746
1785
2545
1747
1786
2546
1748
1787
2547
1749
1788
2548
1750
1789
2549
1751
1790
2550
1752
1791
2551
1753
1792
2552
1754
1793
2553
1755
1794
2554
1756
1795
2555
1757
1796
2556
1758
1797
2557
1759
1798
2558
1799
2559
1761
1800
2560
1762
1801
2561
1763
1802
2562
1764
1803
2563
1765
1804
2564
1766
1805
2565
1767
1806
2566
1768
1807
2567
1769
1808
2568
1770
1809
2569
1771
1810
2570
1772
1811
2571
1773
1812
2572
1774
1813
2573
1775
1814
2574
1776
1815
2575
1777
1816
2576
1778
1817
2577
1779
1818
2578
1780
1819
2579
1781
1820
2580
1782
1821
2581
1783
1822
2582
1784
1823
2583
1785
1824
2584
1786
1825
2585
1787
1826
2586
1788
1827
2587
1789
1828
2588
1790
1829
2589
1791
1830
2590
1792
1831
2591
1793
1832
2592
1794
1833
2593
1795
1834
2594
1796
1835
2595
1797
1836
2596
1798
1837
2597
1799
1838
2598
1839
2599
1801
1840
2600
1802
1841
2601
1803
1842
2602
1804
1843
2603
1805
1844
2604
1806
1845
2605
1807
1846
2606
1808
1847
2607
1809
1848
2608
1810
1849
2609
1811
1850
2610
1812
1851
2611
1813
1852
2612
1814
1853
2613
1815
1854
2614
1816
1855
2615
1817
1856
2616
1818
1857
2617
1819
1858
2618
1820
1859
2619
1821
1860
2620
1822
1861
2621
1823
1862
2622
1824
1863
2623
1825
1864
2624
1826
1865
2625
1827
1866
2626
1828
1867
2627
1829
1868
2628
1830
1869
2629
1831
1870
2630
1832
1871
2631
1833
1872
2632
1834
1873
2633
1835
1874
2634
1836
1875
2635
1837
1876
2636
1838
1877
2637
1839
1878
2638
1879
2639
1841
1880
2640
1842
1881
2641
1843
1882
2642
1844
1883
2643
1845
1884
2644
1846
1885
2645
1847
1886
2646
1848
1887
2647
1849
1888
2648
1850
1889
2649
1851
1890
2650
1852
1891
2651
1853
1892
2652
1854
1893
2653
1855
1894
2654
1856
1895
2655
1857
1896
2656
1858
1897
2657
1859
1898
2658
1860
1899
2659
1861
1900
2660
1862
1901
2661
1863
1902
2662
1864
1903
2663
1865
1904
2664
1866
1905
2665
1867
1906
2666
1868
1907
2667
1869
1908
2668
1870
1909
2669
1871
1910
2670
1872
1911
2671
1873
1912
2672
1874
1913
2673
1875
1914
2674
1876
1915
2675
1877
1916
2676
1878
1917
2677
1879
1918
2678
1919
2679
1881
1920
2680
1882
1921
2681
1883
1922
2682
1884
1923
2683
1885
1924
2684
1886
1925
2685
1887
1926
2686
1888
1927
2687
1889
1928
2688
1890
1929
2689
1891
1930
2690
1892
1931
2691
1893
1932
2692
1894
1933
2693
1895
1934
2694
1896
1935
2695
1897
1936
2696
1898
1937
2697
1899
1938
2698
1900
1939
2699
1901
1940
2700
1902
1941
2701
1903
1942
2702
1904
1943
2703
1905
1944
2704
1906
1945
2705
1907
1946
2706
1908
1947
2707
1909
1948
2708
1910
1949
2709
1911
1950
2710
1912
1951
2711
1913
1952
2712
1914
1953
2713
1915
1954
2714
1916
1955
2715
1917
1956
2716
1918
1957
2717
1919
1958
2718
1959
2719
1921
1960
2720
1922
1961
2721
1923
1962
2722
1924
1963
2723
1925
1964
2724
1926
1965
2725
1927
1966
2726
1928
1967
2727
1929
1968
2728
1930
1969
2729
1931
1970
2730
1932
1971
2731
1933
1972
2732
1934
1973
2733
1935
1974
2734
1936
1975
2735
1937
1976
2736
1938
1977
2737
1939
1978
2738
1940
1979
2739
1941
1980
2740
1942
1981
2741
1943
1982
2742
1944
1983
2743
1945
1984
2744
1946
1985
2745
1947
1986
2746
1948
1987
2747
1949
1988
2748
1950
1989
2749
1951
1990
2750
1952
1991
2751
1953
1992
2752
1954
1993
2753
1955
1994
2754
1956
1995
2755
1957
1996
2756
1958
1997
2757
1959
1998
2758
1999
2759
1961
2000
2760
1962
2001
2761
1963
2002
2762
1964
2003
2763
1965
2004
2764
1966
2005
2765
1967
2006
2766
1968
2007
2767
1969
2008
2768
1970
2009
2769
1971
2010
2770
1972
2011
2771
1973
2012
2772
1974
2013
2773
1975
2014
2774
1976
2015
2775
1977
2016
2776
1978
2017
2777
1979
2018
2778
1980
2019
2779
1981
2020
2780
1982
2021
2781
1983
2022
2782
1984
2023
2783
1985
2024
2784
1986
2025
2785
1987
2026
2786
1988
2027
2787
1989
2028
2788
1990
2029
2789
1991
2030
2790
1992
2031
2791
1993
2032
2792
1994
2033
2793
1995
2034
2794
1996
2035
2795
1997
2036
2796
1998
2037
2797
1999
2038
2798
2039
2799
2001
2040
2800
2002
2041
2801
2003
2042
2802
2004
2043
2803
2005
2044
2804
2006
2045
2805
2007
2046
2806
2008
2047
2807
2009
2048
2808
2010
2049
2809
2011
2050
2810
2012
2051
2811
2013
2052
2812
2014
2053
2813
2015
2054
2814
2016
2055
2815
2017
2056
2816
2018
2057
2817
2019
2058
2818
2020
2059
2819
2021
2060
2820
2022
2061
2821
2023
2062
2822
2024
2063
2823
2025
2064
2824
2026
2065
2825
2027
2066
2826
2028
2067
2827
2029
2068
2828
2030
2069
2829
2031
2070
2830
2032
2071
2831
2033
2072
2832
2034
2073
2833
2035
2074
2834
2036
2075
2835
2037
2076
2836
2038
2077
2837
2039
2078
2838
2079
2839
2041
2080
2840
2042
2081
2841
2043
2082
2842
2044
2083
2843
2045
2084
2844
2046
2085
2845
2047
2086
2846
2048
2087
2847
2049
2088
2848
2050
2089
2849
2051
2090
2850
2052
2091
2851
2053
2092
2852
2054
2093
2853
2055
2094
2854
2056
2095
2855
2057
2096
2856
2058
2097
2857
2059
2098
2858
2060
2099
2859
2061
2100
2860
2062
2101
2861
2063
2102
2862
2064
2103
2863
2065
2104
2864
2066
2105
2865
2067
2106
2866
2068
2107
2867
2069
2108
2868
2070
2109
2869
2071
2110
2870
2072
2111
2871
2073
2112
2872
2074
2113
2873
2075
2114
2874
2076
2115
2875
2077
2116
2876
2078
2117
2877
2079
2118
2878
2119
2879
2081
2120
2880
2082
2121
2881
2083
2122
2882
2084
2123
2883
2085
2124
2884
2086
2125
2885
2087
2126
2886
2088
2127
2887
2089
2128
2888
2090
2129
2889
2091
2130
2890
2092
2131
2891
2093
2132
2892
2094
2133
2893
2095
2134
2894
2096
2135
2895
2097
2136
2896
2098
2137
2897
2099
2138
2898
2100
2139
2899
2101
2140
2900
2102
2141
2901
2103
2142
2902
2104
2143
2903
2105
2144
2904
2106
2145
2905
2107
2146
2906
2108
2147
2907
2109
2148
2908
2110
2149
2909
2111
2150
2910
2112
2151
2911
2113
2152
2912
2114
2153
2913
2115
2154
2914
2116
2155
2915
2117
2156
2916
2118
2157
2917
2119
2158
2918
2159
2919
2121
2160
2920
2122
2161
2921
2123
2162
2922
2124
2163
2923
2125
2164
2924
2126
2165
2925
2127
2166
2926
2128
2167
2927
2129
2168
2928
2130
2169
2929
2131
2170
2930
2132
2171
2931
2133
2172
2932
2134
2173
2933
2135
2174
2934
2136
2175
2935
2137
2176
2936
2138
2177
2937
2139
2178
2938
2140
2179
2939
2141
2180
2940
2142
2181
2941
2143
2182
2942
2144
2183
2943
2145
2184
2944
2146
2185
2945
2147
2186
2946
2148
2187
2947
2149
2188
2948
2150
2189
2949
2151
2190
2950
2152
2191
2951
2153
2192
2952
2154
2193
2953
2155
2194
2954
2156
2195
2955
2157
2196
2956
2158
2197
2957
2159
2198
2958
2199
2959
2161
2200
2960
2162
2201
2961
2163
2202
2962
2164
2203
2963
2165
2204
2964
2166
2205
2965
2167
2206
2966
2168
2207
2967
2169
2208
2968
2170
2209
2969
2171
2210
2970
2172
2211
2971
2173
2212
2972
2174
2213
2973
2175
2214
2974
2176
2215
2975
2177
2216
2976
2178
2217
2977
2179
2218
2978
2180
2219
2979
2181
2220
2980
2182
2221
2981
2183
2222
2982
2184
2223
2983
2185
2224
2984
2186
2225
2985
2187
2226
2986
2188
2227
2987
2189
2228
2988
2190
2229
2989
2191
2230
2990
2192
2231
2991
2193
2232
2992
2194
2233
2993
2195
2234
2994
2196
2235
2995
2197
2236
2996
2198
2237
2997
2199
2238
2998
2239
2999
2201
2240
3000
2202
2241
3001
2203
2242
3002
2204
2243
3003
2205
2244
3004
2206
2245
3005
2207
2246
3006
2208
2247
3007
2209
2248
3008
2210
2249
3009
2211
2250
3010
2212
2251
3011
2213
2252
3012
2214
2253
3013
2215
2254
3014
2216
2255
3015
2217
2256
3016
2218
2257
3017
2219
2258
3018
2220
2259
3019
2221
2260
3020
2222
2261
3021
2223
2262
3022
2224
2263
3023
2225
2264
3024
2226
2265
3025
2227
2266
3026
2228
2267
3027
2229
2268
3028
2230
2269
3029
2231
2270
3030
2232
2271
3031
2233
2272
3032
2234
2273
3033
2235
2274
3034
2236
2275
3035
2237
2276
3036
2238
2277
3037
2239
2278
3038
2279
3039
2241
2280
3040
2242
2281
3041
2243
2282
3042
2244
2283
3043
2245
2284
3044
2246
2285
3045
2247
2286
3046
2248
2287
3047
2249
2288
3048
2250
2289
3049
2251
2290
3050
2252
2291
3051
2253
2292
3052
2254
2293
3053
2255
2294
3054
2256
2295
3055
2257
2296
3056
2258
2297
3057
2259
2298
3058
2260
2299
3059
2261
2300
3060
2262
2301
3061
2263
2302
3062
2264
2303
3063
2265
2304
3064
2266
2305
3065
2267
2306
3066
2268
2307
3067
2269
2308
3068
2270
2309
3069
2271
2310
3070
2272
2311
3071
2273
2312
3072
2274
2313
3073
2275
2314
3074
2276
2315
3075
2277
2316
3076
2278
2317
3077
2279
2318
3078
2319
3079
2281
2320
3080
2282
2321
3081
2283
2322
3082
2284
2323
3083
2285
2324
3084
2286
2325
3085
2287
2326
3086
2288
2327
3087
2289
2328
3088
2290
2329
3089
2291
2330
3090
2292
2331
3091
2293
2332
3092
2294
2333
3093
2295
2334
3094
2296
2335
3095
2297
2336
3096
2298
2337
3097
2299
2338
3098
2300
2339
3099
2301
2340
3100
2302
2341
3101
2303
2342
3102
2304
2343
3103
2305
2344
3104
2306
2345
3105
2307
2346
3106
2308
2347
3107
2309
2348
3108
2310
2349
3109
2311
2350
3110
2312
2351
3111
2313
2352
3112
2314
2353
3113
2315
2354
3114
2316
2355
3115
2317
2356
3116
2318
2357
3117
2319
2358
3118
2359
3119
2321
2360
3120
2322
2361
3121
2323
2362
3122
2324
2363
3123
2325
2364
3124
2326
2365
3125
2327
2366
3126
2328
2367
3127
2329
2368
3128
2330
2369
3129
2331
2370
3130
2332
2371
3131
2333
2372
3132
2334
2373
3133
2335
2374
3134
2336
2375
3135
2337
2376
3136
2338
2377
3137
2339
2378
3138
2340
2379
3139
2341
2380
3140
2342
2381
3141
2343
2382
3142
2344
2383
3143
2345
2384
3144
2346
2385
3145
2347
2386
3146
2348
2387
3147
2349
2388
3148
2350
2389
3149
2351
2390
3150
2352
2391
3151
2353
2392
3152
2354
2393
3153
2355
2394
3154
2356
2395
3155
2357
2396
3156
2358
2397
3157
2359
2398
3158
2399
3159
2361
3160
2362
3161
2363
3162
2364
3163
2365
3164
2366
3165
2367
3166
2368
3167
2369
3168
2370
3169
2371
3170
2372
3171
2373
3172
2374
3173
2375
3174
2376
3175
2377
3176
2378
3177
2379
3178
2380
3179
2381
3180
2382
3181
2383
3182
2384
3183
2385
3184
2386
3185
2387
3186
2388
3187
2389
3188
2390
3189
2391
3190
2392
3191
2393
3192
2394
3193
2395
3194
2396
3195
2397
3196
2398
3197
2399
3198
3199
2401
2440
2402
2441
2403
2442
2404
2443
2405
2444
2406
2445
2407
2446
2408
2447
2409
2448
2410
2449
2411
2450
2412
2451
2413
2452
2414
2453
2415
2454
2416
2455
2417
2456
2418
2457
2419
2458
2420
2459
2421
2460
2422
2461
2423
2462
2424
2463
2425
2464
2426
2465
2427
2466
2428
2467
2429
2468
2430
2469
2431
2470
2432
2471
2433
2472
2434
2473
2435
2474
2436
2475
2437
2476
2438
2477
2439
2478
2479
2441
2480
2442
2481
2443
2482
2444
2483
2445
2484
2446
2485
2447
2486
2448
2487
2449
2488
2450
2489
2451
2490
2452
2491
2453
2492
2454
2493
2455
2494
2456
2495
2457
2496
2458
2497
2459
2498
2460
2499
2461
2500
2462
2501
2463
2502
2464
2503
2465
2504
2466
2505
2467
2506
2468
2507
2469
2508
2470
2509
2471
2510
2472
2511
2473
2512
2474
2513
2475
2514
2476
2515
2477
2516
2478
2517
2479
2518
2519
2481
2520
2482
2521
2483
2522
2484
2523
2485
2524
2486
2525
2487
2526
2488
2527
2489
2528
2490
2529
2491
2530
2492
2531
2493
2532
2494
2533
2495
2534
2496
2535
2497
2536
2498
2537
2499
2538
2500
2539
2501
2540
2502
2541
2503
2542
2504
2543
2505
2544
2506
2545
2507
2546
2508
2547
2509
2548
2510
2549
2511
2550
2512
2551
2513
2552
2514
2553
2515
2554
2516
2555
2517
2556
2518
2557
2519
2558
2559
2521
2560
2522
2561
2523
2562
2524
2563
2525
2564
2526
2565
2527
2566
2528
2567
2529
2568
2530
2569
2531
2570
2532
2571
2533
2572
2534
2573
2535
2574
2536
2575
2537
2576
2538
2577
2539
2578
2540
2579
2541
2580
2542
2581
2543
2582
2544
2583
2545
2584
2546
2585
2547
2586
2548
2587
2549
2588
2550
2589
2551
2590
2552
2591
2553
2592
2554
2593
2555
2594
2556
2595
2557
2596
2558
2597
2559
2598
2599
2561
2600
2562
2601
2563
2602
2564
2603
2565
2604
2566
2605
2567
2606
2568
2607
2569
2608
2570
2609
2571
2610
2572
2611
2573
2612
2574
2613
2575
2614
2576
2615
2577
2616
2578
2617
2579
2618
2580
2619
2581
2620
2582
2621
2583
2622
2584
2623
2585
2624
2586
2625
2587
2626
2588
2627
2589
2628
2590
2629
2591
2630
2592
2631
2593
2632
2594
2633
2595
2634
2596
2635
2597
2636
2598
2637
2599
2638
2639
2601
2640
2602
2641
2603
2642
2604
2643
2605
2644
2606
2645
2607
2646
2608
2647
2609
2648
2610
2649
2611
2650
2612
2651
2613
2652
2614
2653
2615
2654
2616
2655
2617
2656
2618
2657
2619
2658
2620
2659
2621
2660
2622
2661
2623
2662
2624
2663
2625
2664
2626
2665
2627
2666
2628
2667
2629
2668
2630
2669
2631
2670
2632
2671
2633
2672
2634
2673
2635
2674
2636
2675
2637
2676
2638
2677
2639
2678
2679
2641
2680
2642
2681
2643
2682
2644
2683
2645
2684
2646
2685
2647
2686
2648
2687
2649
2688
2650
2689
2651
2690
2652
2691
2653
2692
2654
2693
2655
2694
2656
2695
2657
2696
2658
2697
2659
2698
2660
2699
2661
2700
2662
2701
2663
2702
2664
2703
2665
2704
2666
2705
2667
2706
2668
2707
2669
2708
2670
2709
2671
2710
2672
2711
2673
2712
2674
2713
2675
2714
2676
2715
2677
2716
2678
2717
2679
2718
2719
2681
2720
2682
2721
2683
2722
2684
2723
2685
2724
2686
2725
2687
2726
2688
2727
2689
2728
2690
2729
2691
2730
2692
2731
2693
2732
2694
2733
2695
2734
2696
2735
2697
2736
2698
2737
2699
2738
2700
2739
2701
2740
2702
2741
2703
2742
2704
2743
2705
2744
2706
2745
2707
2746
2708
2747
2709
2748
2710
2749
2711
2750
2712
2751
2713
2752
2714
2753
2715
2754
2716
2755
2717
2756
2718
2757
2719
2758
2759
2721
2760
2722
2761
2723
2762
2724
2763
2725
2764
2726
2765
2727
2766
2728
2767
2729
2768
2730
2769
2731
2770
2732
2771
2733
2772
2734
2773
2735
2774
2736
2775
2737
2776
2738
2777
2739
2778
2740
2779
2741
2780
2742
2781
2743
2782
2744
2783
2745
2784
2746
2785
2747
2786
2748
2787
2749
2788
2750
2789
2751
2790
2752
2791
2753
2792
2754
2793
2755
2794
2756
2795
2757
2796
2758
2797
2759
2798
2799
2761
2800
2762
2801
2763
2802
2764
2803
2765
2804
2766
2805
2767
2806
2768
2807
2769
2808
2770
2809
2771
2810
2772
2811
2773
2812
2774
2813
2775
2814
2776
2815
2777
2816
2778
2817
2779
2818
2780
2819
2781
2820
2782
2821
2783
2822
2784
2823
2785
2824
2786
2825
2787
2826
2788
2827
2789
2828
2790
2829
2791
2830
2792
2831
2793
2832
2794
2833
2795
2834
2796
2835
2797
2836
2798
2837
2799
2838
2839
2801
2840
2802
2841
2803
2842
2804
2843
2805
2844
2806
2845
2807
2846
2808
2847
2809
2848
2810
2849
2811
2850
2812
2851
2813
2852
2814
2853
2815
2854
2816
2855
2817
2856
2818
2857
2819
2858
2820
2859
2821
2860
2822
2861
2823
2862
2824
2863
2825
2864
2826
2865
2827
2866
2828
2867
2829
2868
2830
2869
2831
2870
2832
2871
2833
2872
2834
2873
2835
2874
2836
2875
2837
2876
2838
2877
2839
2878
2879
2841
2880
2842
2881
2843
2882
2844
2883
2845
2884
2846
2885
2847
2886
2848
2887
2849
2888
2850
2889
2851
2890
2852
2891
2853
2892
2854
2893
2855
2894
2856
2895
2857
2896
2858
2897
2859
2898
2860
2899
2861
2900
2862
2901
2863
2902
2864
2903
2865
2904
2866
2905
2867
2906
2868
2907
2869
2908
2870
2909
2871
2910
2872
2911
2873
2912
2874
2913
2875
2914
2876
2915
2877
2916
2878
2917
2879
2918
2919
2881
2920
2882
2921
2883
2922
2884
2923
2885
2924
2886
2925
2887
2926
2888
2927
2889
2928
2890
2929
2891
2930
2892
2931
2893
2932
2894
2933
2895
2934
2896
2935
2897
2936
2898
2937
2899
2938
2900
2939
2901
2940
2902
2941
2903
2942
2904
2943
2905
2944
2906
2945
2907
2946
2908
2947
2909
2948
2910
2949
2911
2950
2912
2951
2913
2952
2914
2953
2915
2954
2916
2955
2917
2956
2918
2957
2919
2958
2959
2921
2960
2922
2961
2923
2962
2924
2963
2925
2964
2926
2965
2927
2966
2928
2967
2929
2968
2930
2969
2931
2970
2932
2971
2933
2972
2934
2973
2935
2974
2936
2975
2937
2976
2938
2977
2939
2978
2940
2979
2941
2980
2942
2981
2943
2982
2944
2983
2945
2984
2946
2985
2947
2986
2948
2987
2949
2988
2950
2989
2951
2990
2952
2991
2953
2992
2954
2993
2955
2994
2956
2995
2957
2996
2958
2997
2959
2998
2999
2961
3000
2962
3001
2963
3002
2964
3003
2965
3004
2966
3005
2967
3006
2968
3007
2969
3008
2970
3009
2971
3010
2972
3011
2973
3012
2974
3013
2975
3014
2976
3015
2977
3016
2978
3017
2979
3018
2980
3019
2981
3020
2982
3021
2983
3022
2984
3023
2985
3024
2986
3025
2987
3026
2988
3027
2989
3028
2990
3029
2991
3030
2992
3031
2993
3032
2994
3033
2995
3034
2996
3035
2997
3036
2998
3037
2999
3038
3039
3001
3040
3002
3041
3003
3042
3004
3043
3005
3044
3006
3045
3007
3046
3008
3047
3009
3048
3010
3049
3011
3050
3012
3051
3013
3052
3014
3053
3015
3054
3016
3055
3017
3056
3018
3057
3019
3058
3020
3059
3021
3060
3022
3061
3023
3062
3024
3063
3025
3064
3026
3065
3027
3066
3028
3067
3029
3068
3030
3069
3031
3070
3032
3071
3033
3072
3034
3073
3035
3074
3036
3075
3037
3076
3038
3077
3039
3078
3079
3041
3080
3042
3081
3043
3082
3044
3083
3045
3084
3046
3085
3047
3086
3048
3087
3049
3088
3050
3089
3051
3090
3052
3091
3053
3092
3054
3093
3055
3094
3056
3095
3057
3096
3058
3097
3059
3098
3060
3099
3061
3100
3062
3101
3063
3102
3064
3103
3065
3104
3066
3105
3067
3106
3068
3107
3069
3108
3070
3109
3071
3110
3072
3111
3073
3112
3074
3113
3075
3114
3076
3115
3077
3116
3078
3117
3079
3118
3119
3081
3120
3082
3121
3083
3122
3084
3123
3085
3124
3086
3125
3087
3126
3088
3127
3089
3128
3090
3129
3091
3130
3092
3131
3093
3132
3094
3133
3095
3134
3096
3135
3097
3136
3098
3137
3099
3138
3100
3139
3101
3140
3102
3141
3103
3142
3104
3143
3105
3144
3106
3145
3107
3146
3108
3147
3109
3148
3110
3149
3111
3150
3112
3151
3113
3152
3114
3153
3115
3154
3116
3155
3117
3156
3118
3157
3119
3158
3159
3121
3160
3122
3161
3123
3162
3124
3163
3125
3164
3126
3165
3127
3166
3128
3167
3129
3168
3130
3169
3131
3170
3132
3171
3133
3172
3134
3173
3135
3174
3136
3175
3137
3176
3138
3177
3139
3178
3140
3179
3141
3180
3142
3181
3143
3182
3144
3183
3145
3184
3146
3185
3147
3186
3148
3187
3149
3188
3150
3189
3151
3190
3152
3191
3153
3192
3154
3193
3155
3194
3156
3195
3157
3196
3158
3197
3159
3198
3199
3161
3162
3163
3164
3165
3166
3167
3168
3169
3170
3171
3172
3173
3174
3175
3176
3177
3178
3179
3180
3181
3182
3183
3184
3185
3186
3187
3188
3189
3190
3191
3192
3193
3194
3195
3196
3197
3198
3199
)


// ************************************************************************* //
