/*--------------------------------*- C++ -*----------------------------------*\
| =========                 |                                                 |
| \\      /  F ield         | OpenFOAM: The Open Source CFD Toolbox           |
|  \\    /   O peration     | Version:  3.0.1                                 |
|   \\  /    A nd           | Web:      www.OpenFOAM.org                      |
|    \\/     M anipulation  |                                                 |
\*---------------------------------------------------------------------------*/
FoamFile
{
    version     2.0;
    format      ascii;
    class       vectorField;
    location    "constant/polyMesh";
    object      points;
}
// * * * * * * * * * * * * * * * * * * * * * * * * * * * * * * * * * * * * * //


4305
(
(0 0 577)
(25 0 562.575)
(50 0 548.15)
(75 0 533.725)
(100 0 519.3)
(125 0 504.875)
(150 0 490.45)
(175 0 476.025)
(200 0 461.6)
(225 0 447.175)
(250 0 432.75)
(275 0 418.325)
(300 0 403.9)
(325 0 389.475)
(350 0 375.05)
(375 0 360.625)
(400 0 346.2)
(425 0 331.775)
(450 0 317.35)
(475 0 302.925)
(500 0 288.5)
(525 0 274.075)
(550 0 259.65)
(575 0 245.225)
(600 0 230.8)
(625 0 216.375)
(650 0 201.95)
(675 0 187.525)
(700 0 173.1)
(725 0 158.675)
(750 0 144.25)
(775 0 129.825)
(800 0 115.4)
(825 0 100.975)
(850 0 86.55)
(875 0 72.125)
(900 0 57.7)
(925 0 43.275)
(950 0 28.85)
(975 0 14.425)
(1000 0 0)
(0 25 577)
(25 25 562.575)
(50 25 548.15)
(75 25 533.725)
(100 25 519.3)
(125 25 504.875)
(150 25 490.45)
(175 25 476.025)
(200 25 461.6)
(225 25 447.175)
(250 25 432.75)
(275 25 418.325)
(300 25 403.9)
(325 25 389.475)
(350 25 375.05)
(375 25 360.625)
(400 25 346.2)
(425 25 331.775)
(450 25 317.35)
(475 25 302.925)
(500 25 288.5)
(525 25 274.075)
(550 25 259.65)
(575 25 245.225)
(600 25 230.8)
(625 25 216.375)
(650 25 201.95)
(675 25 187.525)
(700 25 173.1)
(725 25 158.675)
(750 25 144.25)
(775 25 129.825)
(800 25 115.4)
(825 25 100.975)
(850 25 86.55)
(875 25 72.125)
(900 25 57.7)
(925 25 43.275)
(950 25 28.85)
(975 25 14.425)
(1000 25 0)
(0 50 577)
(25 50 562.575)
(50 50 548.15)
(75 50 533.725)
(100 50 519.3)
(125 50 504.875)
(150 50 490.45)
(175 50 476.025)
(200 50 461.6)
(225 50 447.175)
(250 50 432.75)
(275 50 418.325)
(300 50 403.9)
(325 50 389.475)
(350 50 375.05)
(375 50 360.625)
(400 50 346.2)
(425 50 331.775)
(450 50 317.35)
(475 50 302.925)
(500 50 288.5)
(525 50 274.075)
(550 50 259.65)
(575 50 245.225)
(600 50 230.8)
(625 50 216.375)
(650 50 201.95)
(675 50 187.525)
(700 50 173.1)
(725 50 158.675)
(750 50 144.25)
(775 50 129.825)
(800 50 115.4)
(825 50 100.975)
(850 50 86.55)
(875 50 72.125)
(900 50 57.7)
(925 50 43.275)
(950 50 28.85)
(975 50 14.425)
(1000 50 0)
(0 75 577)
(25 75 562.575)
(50 75 548.15)
(75 75 533.725)
(100 75 519.3)
(125 75 504.875)
(150 75 490.45)
(175 75 476.025)
(200 75 461.6)
(225 75 447.175)
(250 75 432.75)
(275 75 418.325)
(300 75 403.9)
(325 75 389.475)
(350 75 375.05)
(375 75 360.625)
(400 75 346.2)
(425 75 331.775)
(450 75 317.35)
(475 75 302.925)
(500 75 288.5)
(525 75 274.075)
(550 75 259.65)
(575 75 245.225)
(600 75 230.8)
(625 75 216.375)
(650 75 201.95)
(675 75 187.525)
(700 75 173.1)
(725 75 158.675)
(750 75 144.25)
(775 75 129.825)
(800 75 115.4)
(825 75 100.975)
(850 75 86.55)
(875 75 72.125)
(900 75 57.7)
(925 75 43.275)
(950 75 28.85)
(975 75 14.425)
(1000 75 0)
(0 100 577)
(25 100 562.575)
(50 100 548.15)
(75 100 533.725)
(100 100 519.3)
(125 100 504.875)
(150 100 490.45)
(175 100 476.025)
(200 100 461.6)
(225 100 447.175)
(250 100 432.75)
(275 100 418.325)
(300 100 403.9)
(325 100 389.475)
(350 100 375.05)
(375 100 360.625)
(400 100 346.2)
(425 100 331.775)
(450 100 317.35)
(475 100 302.925)
(500 100 288.5)
(525 100 274.075)
(550 100 259.65)
(575 100 245.225)
(600 100 230.8)
(625 100 216.375)
(650 100 201.95)
(675 100 187.525)
(700 100 173.1)
(725 100 158.675)
(750 100 144.25)
(775 100 129.825)
(800 100 115.4)
(825 100 100.975)
(850 100 86.55)
(875 100 72.125)
(900 100 57.7)
(925 100 43.275)
(950 100 28.85)
(975 100 14.425)
(1000 100 0)
(0 125 577)
(25 125 562.575)
(50 125 548.15)
(75 125 533.725)
(100 125 519.3)
(125 125 504.875)
(150 125 490.45)
(175 125 476.025)
(200 125 461.6)
(225 125 447.175)
(250 125 432.75)
(275 125 418.325)
(300 125 403.9)
(325 125 389.475)
(350 125 375.05)
(375 125 360.625)
(400 125 346.2)
(425 125 331.775)
(450 125 317.35)
(475 125 302.925)
(500 125 288.5)
(525 125 274.075)
(550 125 259.65)
(575 125 245.225)
(600 125 230.8)
(625 125 216.375)
(650 125 201.95)
(675 125 187.525)
(700 125 173.1)
(725 125 158.675)
(750 125 144.25)
(775 125 129.825)
(800 125 115.4)
(825 125 100.975)
(850 125 86.55)
(875 125 72.125)
(900 125 57.7)
(925 125 43.275)
(950 125 28.85)
(975 125 14.425)
(1000 125 0)
(0 150 577)
(25 150 562.575)
(50 150 548.15)
(75 150 533.725)
(100 150 519.3)
(125 150 504.875)
(150 150 490.45)
(175 150 476.025)
(200 150 461.6)
(225 150 447.175)
(250 150 432.75)
(275 150 418.325)
(300 150 403.9)
(325 150 389.475)
(350 150 375.05)
(375 150 360.625)
(400 150 346.2)
(425 150 331.775)
(450 150 317.35)
(475 150 302.925)
(500 150 288.5)
(525 150 274.075)
(550 150 259.65)
(575 150 245.225)
(600 150 230.8)
(625 150 216.375)
(650 150 201.95)
(675 150 187.525)
(700 150 173.1)
(725 150 158.675)
(750 150 144.25)
(775 150 129.825)
(800 150 115.4)
(825 150 100.975)
(850 150 86.55)
(875 150 72.125)
(900 150 57.7)
(925 150 43.275)
(950 150 28.85)
(975 150 14.425)
(1000 150 0)
(0 175 577)
(25 175 562.575)
(50 175 548.15)
(75 175 533.725)
(100 175 519.3)
(125 175 504.875)
(150 175 490.45)
(175 175 476.025)
(200 175 461.6)
(225 175 447.175)
(250 175 432.75)
(275 175 418.325)
(300 175 403.9)
(325 175 389.475)
(350 175 375.05)
(375 175 360.625)
(400 175 346.2)
(425 175 331.775)
(450 175 317.35)
(475 175 302.925)
(500 175 288.5)
(525 175 274.075)
(550 175 259.65)
(575 175 245.225)
(600 175 230.8)
(625 175 216.375)
(650 175 201.95)
(675 175 187.525)
(700 175 173.1)
(725 175 158.675)
(750 175 144.25)
(775 175 129.825)
(800 175 115.4)
(825 175 100.975)
(850 175 86.55)
(875 175 72.125)
(900 175 57.7)
(925 175 43.275)
(950 175 28.85)
(975 175 14.425)
(1000 175 0)
(0 200 577)
(25 200 562.575)
(50 200 548.15)
(75 200 533.725)
(100 200 519.3)
(125 200 504.875)
(150 200 490.45)
(175 200 476.025)
(200 200 461.6)
(225 200 447.175)
(250 200 432.75)
(275 200 418.325)
(300 200 403.9)
(325 200 389.475)
(350 200 375.05)
(375 200 360.625)
(400 200 346.2)
(425 200 331.775)
(450 200 317.35)
(475 200 302.925)
(500 200 288.5)
(525 200 274.075)
(550 200 259.65)
(575 200 245.225)
(600 200 230.8)
(625 200 216.375)
(650 200 201.95)
(675 200 187.525)
(700 200 173.1)
(725 200 158.675)
(750 200 144.25)
(775 200 129.825)
(800 200 115.4)
(825 200 100.975)
(850 200 86.55)
(875 200 72.125)
(900 200 57.7)
(925 200 43.275)
(950 200 28.85)
(975 200 14.425)
(1000 200 0)
(0 225 577)
(25 225 562.575)
(50 225 548.15)
(75 225 533.725)
(100 225 519.3)
(125 225 504.875)
(150 225 490.45)
(175 225 476.025)
(200 225 461.6)
(225 225 447.175)
(250 225 432.75)
(275 225 418.325)
(300 225 403.9)
(325 225 389.475)
(350 225 375.05)
(375 225 360.625)
(400 225 346.2)
(425 225 331.775)
(450 225 317.35)
(475 225 302.925)
(500 225 288.5)
(525 225 274.075)
(550 225 259.65)
(575 225 245.225)
(600 225 230.8)
(625 225 216.375)
(650 225 201.95)
(675 225 187.525)
(700 225 173.1)
(725 225 158.675)
(750 225 144.25)
(775 225 129.825)
(800 225 115.4)
(825 225 100.975)
(850 225 86.55)
(875 225 72.125)
(900 225 57.7)
(925 225 43.275)
(950 225 28.85)
(975 225 14.425)
(1000 225 0)
(0 250 577)
(25 250 562.575)
(50 250 548.15)
(75 250 533.725)
(100 250 519.3)
(125 250 504.875)
(150 250 490.45)
(175 250 476.025)
(200 250 461.6)
(225 250 447.175)
(250 250 432.75)
(275 250 418.325)
(300 250 403.9)
(325 250 389.475)
(350 250 375.05)
(375 250 360.625)
(400 250 346.2)
(425 250 331.775)
(450 250 317.35)
(475 250 302.925)
(500 250 288.5)
(525 250 274.075)
(550 250 259.65)
(575 250 245.225)
(600 250 230.8)
(625 250 216.375)
(650 250 201.95)
(675 250 187.525)
(700 250 173.1)
(725 250 158.675)
(750 250 144.25)
(775 250 129.825)
(800 250 115.4)
(825 250 100.975)
(850 250 86.55)
(875 250 72.125)
(900 250 57.7)
(925 250 43.275)
(950 250 28.85)
(975 250 14.425)
(1000 250 0)
(0 275 577)
(25 275 562.575)
(50 275 548.15)
(75 275 533.725)
(100 275 519.3)
(125 275 504.875)
(150 275 490.45)
(175 275 476.025)
(200 275 461.6)
(225 275 447.175)
(250 275 432.75)
(275 275 418.325)
(300 275 403.9)
(325 275 389.475)
(350 275 375.05)
(375 275 360.625)
(400 275 346.2)
(425 275 331.775)
(450 275 317.35)
(475 275 302.925)
(500 275 288.5)
(525 275 274.075)
(550 275 259.65)
(575 275 245.225)
(600 275 230.8)
(625 275 216.375)
(650 275 201.95)
(675 275 187.525)
(700 275 173.1)
(725 275 158.675)
(750 275 144.25)
(775 275 129.825)
(800 275 115.4)
(825 275 100.975)
(850 275 86.55)
(875 275 72.125)
(900 275 57.7)
(925 275 43.275)
(950 275 28.85)
(975 275 14.425)
(1000 275 0)
(0 300 577)
(25 300 562.575)
(50 300 548.15)
(75 300 533.725)
(100 300 519.3)
(125 300 504.875)
(150 300 490.45)
(175 300 476.025)
(200 300 461.6)
(225 300 447.175)
(250 300 432.75)
(275 300 418.325)
(300 300 403.9)
(325 300 389.475)
(350 300 375.05)
(375 300 360.625)
(400 300 346.2)
(425 300 331.775)
(450 300 317.35)
(475 300 302.925)
(500 300 288.5)
(525 300 274.075)
(550 300 259.65)
(575 300 245.225)
(600 300 230.8)
(625 300 216.375)
(650 300 201.95)
(675 300 187.525)
(700 300 173.1)
(725 300 158.675)
(750 300 144.25)
(775 300 129.825)
(800 300 115.4)
(825 300 100.975)
(850 300 86.55)
(875 300 72.125)
(900 300 57.7)
(925 300 43.275)
(950 300 28.85)
(975 300 14.425)
(1000 300 0)
(0 325 577)
(25 325 562.575)
(50 325 548.15)
(75 325 533.725)
(100 325 519.3)
(125 325 504.875)
(150 325 490.45)
(175 325 476.025)
(200 325 461.6)
(225 325 447.175)
(250 325 432.75)
(275 325 418.325)
(300 325 403.9)
(325 325 389.475)
(350 325 375.05)
(375 325 360.625)
(400 325 346.2)
(425 325 331.775)
(450 325 317.35)
(475 325 302.925)
(500 325 288.5)
(525 325 274.075)
(550 325 259.65)
(575 325 245.225)
(600 325 230.8)
(625 325 216.375)
(650 325 201.95)
(675 325 187.525)
(700 325 173.1)
(725 325 158.675)
(750 325 144.25)
(775 325 129.825)
(800 325 115.4)
(825 325 100.975)
(850 325 86.55)
(875 325 72.125)
(900 325 57.7)
(925 325 43.275)
(950 325 28.85)
(975 325 14.425)
(1000 325 0)
(0 350 577)
(25 350 562.575)
(50 350 548.15)
(75 350 533.725)
(100 350 519.3)
(125 350 504.875)
(150 350 490.45)
(175 350 476.025)
(200 350 461.6)
(225 350 447.175)
(250 350 432.75)
(275 350 418.325)
(300 350 403.9)
(325 350 389.475)
(350 350 375.05)
(375 350 360.625)
(400 350 346.2)
(425 350 331.775)
(450 350 317.35)
(475 350 302.925)
(500 350 288.5)
(525 350 274.075)
(550 350 259.65)
(575 350 245.225)
(600 350 230.8)
(625 350 216.375)
(650 350 201.95)
(675 350 187.525)
(700 350 173.1)
(725 350 158.675)
(750 350 144.25)
(775 350 129.825)
(800 350 115.4)
(825 350 100.975)
(850 350 86.55)
(875 350 72.125)
(900 350 57.7)
(925 350 43.275)
(950 350 28.85)
(975 350 14.425)
(1000 350 0)
(0 375 577)
(25 375 562.575)
(50 375 548.15)
(75 375 533.725)
(100 375 519.3)
(125 375 504.875)
(150 375 490.45)
(175 375 476.025)
(200 375 461.6)
(225 375 447.175)
(250 375 432.75)
(275 375 418.325)
(300 375 403.9)
(325 375 389.475)
(350 375 375.05)
(375 375 360.625)
(400 375 346.2)
(425 375 331.775)
(450 375 317.35)
(475 375 302.925)
(500 375 288.5)
(525 375 274.075)
(550 375 259.65)
(575 375 245.225)
(600 375 230.8)
(625 375 216.375)
(650 375 201.95)
(675 375 187.525)
(700 375 173.1)
(725 375 158.675)
(750 375 144.25)
(775 375 129.825)
(800 375 115.4)
(825 375 100.975)
(850 375 86.55)
(875 375 72.125)
(900 375 57.7)
(925 375 43.275)
(950 375 28.85)
(975 375 14.425)
(1000 375 0)
(0 400 577)
(25 400 562.575)
(50 400 548.15)
(75 400 533.725)
(100 400 519.3)
(125 400 504.875)
(150 400 490.45)
(175 400 476.025)
(200 400 461.6)
(225 400 447.175)
(250 400 432.75)
(275 400 418.325)
(300 400 403.9)
(325 400 389.475)
(350 400 375.05)
(375 400 360.625)
(400 400 346.2)
(425 400 331.775)
(450 400 317.35)
(475 400 302.925)
(500 400 288.5)
(525 400 274.075)
(550 400 259.65)
(575 400 245.225)
(600 400 230.8)
(625 400 216.375)
(650 400 201.95)
(675 400 187.525)
(700 400 173.1)
(725 400 158.675)
(750 400 144.25)
(775 400 129.825)
(800 400 115.4)
(825 400 100.975)
(850 400 86.55)
(875 400 72.125)
(900 400 57.7)
(925 400 43.275)
(950 400 28.85)
(975 400 14.425)
(1000 400 0)
(0 425 577)
(25 425 562.575)
(50 425 548.15)
(75 425 533.725)
(100 425 519.3)
(125 425 504.875)
(150 425 490.45)
(175 425 476.025)
(200 425 461.6)
(225 425 447.175)
(250 425 432.75)
(275 425 418.325)
(300 425 403.9)
(325 425 389.475)
(350 425 375.05)
(375 425 360.625)
(400 425 346.2)
(425 425 331.775)
(450 425 317.35)
(475 425 302.925)
(500 425 288.5)
(525 425 274.075)
(550 425 259.65)
(575 425 245.225)
(600 425 230.8)
(625 425 216.375)
(650 425 201.95)
(675 425 187.525)
(700 425 173.1)
(725 425 158.675)
(750 425 144.25)
(775 425 129.825)
(800 425 115.4)
(825 425 100.975)
(850 425 86.55)
(875 425 72.125)
(900 425 57.7)
(925 425 43.275)
(950 425 28.85)
(975 425 14.425)
(1000 425 0)
(0 450 577)
(25 450 562.575)
(50 450 548.15)
(75 450 533.725)
(100 450 519.3)
(125 450 504.875)
(150 450 490.45)
(175 450 476.025)
(200 450 461.6)
(225 450 447.175)
(250 450 432.75)
(275 450 418.325)
(300 450 403.9)
(325 450 389.475)
(350 450 375.05)
(375 450 360.625)
(400 450 346.2)
(425 450 331.775)
(450 450 317.35)
(475 450 302.925)
(500 450 288.5)
(525 450 274.075)
(550 450 259.65)
(575 450 245.225)
(600 450 230.8)
(625 450 216.375)
(650 450 201.95)
(675 450 187.525)
(700 450 173.1)
(725 450 158.675)
(750 450 144.25)
(775 450 129.825)
(800 450 115.4)
(825 450 100.975)
(850 450 86.55)
(875 450 72.125)
(900 450 57.7)
(925 450 43.275)
(950 450 28.85)
(975 450 14.425)
(1000 450 0)
(0 475 577)
(25 475 562.575)
(50 475 548.15)
(75 475 533.725)
(100 475 519.3)
(125 475 504.875)
(150 475 490.45)
(175 475 476.025)
(200 475 461.6)
(225 475 447.175)
(250 475 432.75)
(275 475 418.325)
(300 475 403.9)
(325 475 389.475)
(350 475 375.05)
(375 475 360.625)
(400 475 346.2)
(425 475 331.775)
(450 475 317.35)
(475 475 302.925)
(500 475 288.5)
(525 475 274.075)
(550 475 259.65)
(575 475 245.225)
(600 475 230.8)
(625 475 216.375)
(650 475 201.95)
(675 475 187.525)
(700 475 173.1)
(725 475 158.675)
(750 475 144.25)
(775 475 129.825)
(800 475 115.4)
(825 475 100.975)
(850 475 86.55)
(875 475 72.125)
(900 475 57.7)
(925 475 43.275)
(950 475 28.85)
(975 475 14.425)
(1000 475 0)
(0 500 577)
(25 500 562.575)
(50 500 548.15)
(75 500 533.725)
(100 500 519.3)
(125 500 504.875)
(150 500 490.45)
(175 500 476.025)
(200 500 461.6)
(225 500 447.175)
(250 500 432.75)
(275 500 418.325)
(300 500 403.9)
(325 500 389.475)
(350 500 375.05)
(375 500 360.625)
(400 500 346.2)
(425 500 331.775)
(450 500 317.35)
(475 500 302.925)
(500 500 288.5)
(525 500 274.075)
(550 500 259.65)
(575 500 245.225)
(600 500 230.8)
(625 500 216.375)
(650 500 201.95)
(675 500 187.525)
(700 500 173.1)
(725 500 158.675)
(750 500 144.25)
(775 500 129.825)
(800 500 115.4)
(825 500 100.975)
(850 500 86.55)
(875 500 72.125)
(900 500 57.7)
(925 500 43.275)
(950 500 28.85)
(975 500 14.425)
(1000 500 0)
(2.165 0 580.75)
(27.165 0 566.325)
(52.165 0 551.9)
(77.165 0 537.475)
(102.165 0 523.05)
(127.165 0 508.625)
(152.165 0 494.2)
(177.165 0 479.775)
(202.165 0 465.35)
(227.165 0 450.925)
(252.165 0 436.5)
(277.165 0 422.075)
(302.165 0 407.65)
(327.165 0 393.225)
(352.165 0 378.8)
(377.165 0 364.375)
(402.165 0 349.95)
(427.165 0 335.525)
(452.165 0 321.1)
(477.165 0 306.675)
(502.165 0 292.25)
(527.165 0 277.825)
(552.165 0 263.4)
(577.165 0 248.975)
(602.165 0 234.55)
(627.165 0 220.125)
(652.165 0 205.7)
(677.165 0 191.275)
(702.165 0 176.85)
(727.165 0 162.425)
(752.165 0 148)
(777.165 0 133.575)
(802.165 0 119.15)
(827.165 0 104.725)
(852.165 0 90.3)
(877.165 0 75.875)
(902.165 0 61.45)
(927.165 0 47.025)
(952.165 0 32.6)
(977.165 0 18.175)
(1002.165 0 3.75)
(2.165 25 580.75)
(27.165 25 566.325)
(52.165 25 551.9)
(77.165 25 537.475)
(102.165 25 523.05)
(127.165 25 508.625)
(152.165 25 494.2)
(177.165 25 479.775)
(202.165 25 465.35)
(227.165 25 450.925)
(252.165 25 436.5)
(277.165 25 422.075)
(302.165 25 407.65)
(327.165 25 393.225)
(352.165 25 378.8)
(377.165 25 364.375)
(402.165 25 349.95)
(427.165 25 335.525)
(452.165 25 321.1)
(477.165 25 306.675)
(502.165 25 292.25)
(527.165 25 277.825)
(552.165 25 263.4)
(577.165 25 248.975)
(602.165 25 234.55)
(627.165 25 220.125)
(652.165 25 205.7)
(677.165 25 191.275)
(702.165 25 176.85)
(727.165 25 162.425)
(752.165 25 148)
(777.165 25 133.575)
(802.165 25 119.15)
(827.165 25 104.725)
(852.165 25 90.3)
(877.165 25 75.875)
(902.165 25 61.45)
(927.165 25 47.025)
(952.165 25 32.6)
(977.165 25 18.175)
(1002.165 25 3.75)
(2.165 50 580.75)
(27.165 50 566.325)
(52.165 50 551.9)
(77.165 50 537.475)
(102.165 50 523.05)
(127.165 50 508.625)
(152.165 50 494.2)
(177.165 50 479.775)
(202.165 50 465.35)
(227.165 50 450.925)
(252.165 50 436.5)
(277.165 50 422.075)
(302.165 50 407.65)
(327.165 50 393.225)
(352.165 50 378.8)
(377.165 50 364.375)
(402.165 50 349.95)
(427.165 50 335.525)
(452.165 50 321.1)
(477.165 50 306.675)
(502.165 50 292.25)
(527.165 50 277.825)
(552.165 50 263.4)
(577.165 50 248.975)
(602.165 50 234.55)
(627.165 50 220.125)
(652.165 50 205.7)
(677.165 50 191.275)
(702.165 50 176.85)
(727.165 50 162.425)
(752.165 50 148)
(777.165 50 133.575)
(802.165 50 119.15)
(827.165 50 104.725)
(852.165 50 90.3)
(877.165 50 75.875)
(902.165 50 61.45)
(927.165 50 47.025)
(952.165 50 32.6)
(977.165 50 18.175)
(1002.165 50 3.75)
(2.165 75 580.75)
(27.165 75 566.325)
(52.165 75 551.9)
(77.165 75 537.475)
(102.165 75 523.05)
(127.165 75 508.625)
(152.165 75 494.2)
(177.165 75 479.775)
(202.165 75 465.35)
(227.165 75 450.925)
(252.165 75 436.5)
(277.165 75 422.075)
(302.165 75 407.65)
(327.165 75 393.225)
(352.165 75 378.8)
(377.165 75 364.375)
(402.165 75 349.95)
(427.165 75 335.525)
(452.165 75 321.1)
(477.165 75 306.675)
(502.165 75 292.25)
(527.165 75 277.825)
(552.165 75 263.4)
(577.165 75 248.975)
(602.165 75 234.55)
(627.165 75 220.125)
(652.165 75 205.7)
(677.165 75 191.275)
(702.165 75 176.85)
(727.165 75 162.425)
(752.165 75 148)
(777.165 75 133.575)
(802.165 75 119.15)
(827.165 75 104.725)
(852.165 75 90.3)
(877.165 75 75.875)
(902.165 75 61.45)
(927.165 75 47.025)
(952.165 75 32.6)
(977.165 75 18.175)
(1002.165 75 3.75)
(2.165 100 580.75)
(27.165 100 566.325)
(52.165 100 551.9)
(77.165 100 537.475)
(102.165 100 523.05)
(127.165 100 508.625)
(152.165 100 494.2)
(177.165 100 479.775)
(202.165 100 465.35)
(227.165 100 450.925)
(252.165 100 436.5)
(277.165 100 422.075)
(302.165 100 407.65)
(327.165 100 393.225)
(352.165 100 378.8)
(377.165 100 364.375)
(402.165 100 349.95)
(427.165 100 335.525)
(452.165 100 321.1)
(477.165 100 306.675)
(502.165 100 292.25)
(527.165 100 277.825)
(552.165 100 263.4)
(577.165 100 248.975)
(602.165 100 234.55)
(627.165 100 220.125)
(652.165 100 205.7)
(677.165 100 191.275)
(702.165 100 176.85)
(727.165 100 162.425)
(752.165 100 148)
(777.165 100 133.575)
(802.165 100 119.15)
(827.165 100 104.725)
(852.165 100 90.3)
(877.165 100 75.875)
(902.165 100 61.45)
(927.165 100 47.025)
(952.165 100 32.6)
(977.165 100 18.175)
(1002.165 100 3.75)
(2.165 125 580.75)
(27.165 125 566.325)
(52.165 125 551.9)
(77.165 125 537.475)
(102.165 125 523.05)
(127.165 125 508.625)
(152.165 125 494.2)
(177.165 125 479.775)
(202.165 125 465.35)
(227.165 125 450.925)
(252.165 125 436.5)
(277.165 125 422.075)
(302.165 125 407.65)
(327.165 125 393.225)
(352.165 125 378.8)
(377.165 125 364.375)
(402.165 125 349.95)
(427.165 125 335.525)
(452.165 125 321.1)
(477.165 125 306.675)
(502.165 125 292.25)
(527.165 125 277.825)
(552.165 125 263.4)
(577.165 125 248.975)
(602.165 125 234.55)
(627.165 125 220.125)
(652.165 125 205.7)
(677.165 125 191.275)
(702.165 125 176.85)
(727.165 125 162.425)
(752.165 125 148)
(777.165 125 133.575)
(802.165 125 119.15)
(827.165 125 104.725)
(852.165 125 90.3)
(877.165 125 75.875)
(902.165 125 61.45)
(927.165 125 47.025)
(952.165 125 32.6)
(977.165 125 18.175)
(1002.165 125 3.75)
(2.165 150 580.75)
(27.165 150 566.325)
(52.165 150 551.9)
(77.165 150 537.475)
(102.165 150 523.05)
(127.165 150 508.625)
(152.165 150 494.2)
(177.165 150 479.775)
(202.165 150 465.35)
(227.165 150 450.925)
(252.165 150 436.5)
(277.165 150 422.075)
(302.165 150 407.65)
(327.165 150 393.225)
(352.165 150 378.8)
(377.165 150 364.375)
(402.165 150 349.95)
(427.165 150 335.525)
(452.165 150 321.1)
(477.165 150 306.675)
(502.165 150 292.25)
(527.165 150 277.825)
(552.165 150 263.4)
(577.165 150 248.975)
(602.165 150 234.55)
(627.165 150 220.125)
(652.165 150 205.7)
(677.165 150 191.275)
(702.165 150 176.85)
(727.165 150 162.425)
(752.165 150 148)
(777.165 150 133.575)
(802.165 150 119.15)
(827.165 150 104.725)
(852.165 150 90.3)
(877.165 150 75.875)
(902.165 150 61.45)
(927.165 150 47.025)
(952.165 150 32.6)
(977.165 150 18.175)
(1002.165 150 3.75)
(2.165 175 580.75)
(27.165 175 566.325)
(52.165 175 551.9)
(77.165 175 537.475)
(102.165 175 523.05)
(127.165 175 508.625)
(152.165 175 494.2)
(177.165 175 479.775)
(202.165 175 465.35)
(227.165 175 450.925)
(252.165 175 436.5)
(277.165 175 422.075)
(302.165 175 407.65)
(327.165 175 393.225)
(352.165 175 378.8)
(377.165 175 364.375)
(402.165 175 349.95)
(427.165 175 335.525)
(452.165 175 321.1)
(477.165 175 306.675)
(502.165 175 292.25)
(527.165 175 277.825)
(552.165 175 263.4)
(577.165 175 248.975)
(602.165 175 234.55)
(627.165 175 220.125)
(652.165 175 205.7)
(677.165 175 191.275)
(702.165 175 176.85)
(727.165 175 162.425)
(752.165 175 148)
(777.165 175 133.575)
(802.165 175 119.15)
(827.165 175 104.725)
(852.165 175 90.3)
(877.165 175 75.875)
(902.165 175 61.45)
(927.165 175 47.025)
(952.165 175 32.6)
(977.165 175 18.175)
(1002.165 175 3.75)
(2.165 200 580.75)
(27.165 200 566.325)
(52.165 200 551.9)
(77.165 200 537.475)
(102.165 200 523.05)
(127.165 200 508.625)
(152.165 200 494.2)
(177.165 200 479.775)
(202.165 200 465.35)
(227.165 200 450.925)
(252.165 200 436.5)
(277.165 200 422.075)
(302.165 200 407.65)
(327.165 200 393.225)
(352.165 200 378.8)
(377.165 200 364.375)
(402.165 200 349.95)
(427.165 200 335.525)
(452.165 200 321.1)
(477.165 200 306.675)
(502.165 200 292.25)
(527.165 200 277.825)
(552.165 200 263.4)
(577.165 200 248.975)
(602.165 200 234.55)
(627.165 200 220.125)
(652.165 200 205.7)
(677.165 200 191.275)
(702.165 200 176.85)
(727.165 200 162.425)
(752.165 200 148)
(777.165 200 133.575)
(802.165 200 119.15)
(827.165 200 104.725)
(852.165 200 90.3)
(877.165 200 75.875)
(902.165 200 61.45)
(927.165 200 47.025)
(952.165 200 32.6)
(977.165 200 18.175)
(1002.165 200 3.75)
(2.165 225 580.75)
(27.165 225 566.325)
(52.165 225 551.9)
(77.165 225 537.475)
(102.165 225 523.05)
(127.165 225 508.625)
(152.165 225 494.2)
(177.165 225 479.775)
(202.165 225 465.35)
(227.165 225 450.925)
(252.165 225 436.5)
(277.165 225 422.075)
(302.165 225 407.65)
(327.165 225 393.225)
(352.165 225 378.8)
(377.165 225 364.375)
(402.165 225 349.95)
(427.165 225 335.525)
(452.165 225 321.1)
(477.165 225 306.675)
(502.165 225 292.25)
(527.165 225 277.825)
(552.165 225 263.4)
(577.165 225 248.975)
(602.165 225 234.55)
(627.165 225 220.125)
(652.165 225 205.7)
(677.165 225 191.275)
(702.165 225 176.85)
(727.165 225 162.425)
(752.165 225 148)
(777.165 225 133.575)
(802.165 225 119.15)
(827.165 225 104.725)
(852.165 225 90.3)
(877.165 225 75.875)
(902.165 225 61.45)
(927.165 225 47.025)
(952.165 225 32.6)
(977.165 225 18.175)
(1002.165 225 3.75)
(2.165 250 580.75)
(27.165 250 566.325)
(52.165 250 551.9)
(77.165 250 537.475)
(102.165 250 523.05)
(127.165 250 508.625)
(152.165 250 494.2)
(177.165 250 479.775)
(202.165 250 465.35)
(227.165 250 450.925)
(252.165 250 436.5)
(277.165 250 422.075)
(302.165 250 407.65)
(327.165 250 393.225)
(352.165 250 378.8)
(377.165 250 364.375)
(402.165 250 349.95)
(427.165 250 335.525)
(452.165 250 321.1)
(477.165 250 306.675)
(502.165 250 292.25)
(527.165 250 277.825)
(552.165 250 263.4)
(577.165 250 248.975)
(602.165 250 234.55)
(627.165 250 220.125)
(652.165 250 205.7)
(677.165 250 191.275)
(702.165 250 176.85)
(727.165 250 162.425)
(752.165 250 148)
(777.165 250 133.575)
(802.165 250 119.15)
(827.165 250 104.725)
(852.165 250 90.3)
(877.165 250 75.875)
(902.165 250 61.45)
(927.165 250 47.025)
(952.165 250 32.6)
(977.165 250 18.175)
(1002.165 250 3.75)
(2.165 275 580.75)
(27.165 275 566.325)
(52.165 275 551.9)
(77.165 275 537.475)
(102.165 275 523.05)
(127.165 275 508.625)
(152.165 275 494.2)
(177.165 275 479.775)
(202.165 275 465.35)
(227.165 275 450.925)
(252.165 275 436.5)
(277.165 275 422.075)
(302.165 275 407.65)
(327.165 275 393.225)
(352.165 275 378.8)
(377.165 275 364.375)
(402.165 275 349.95)
(427.165 275 335.525)
(452.165 275 321.1)
(477.165 275 306.675)
(502.165 275 292.25)
(527.165 275 277.825)
(552.165 275 263.4)
(577.165 275 248.975)
(602.165 275 234.55)
(627.165 275 220.125)
(652.165 275 205.7)
(677.165 275 191.275)
(702.165 275 176.85)
(727.165 275 162.425)
(752.165 275 148)
(777.165 275 133.575)
(802.165 275 119.15)
(827.165 275 104.725)
(852.165 275 90.3)
(877.165 275 75.875)
(902.165 275 61.45)
(927.165 275 47.025)
(952.165 275 32.6)
(977.165 275 18.175)
(1002.165 275 3.75)
(2.165 300 580.75)
(27.165 300 566.325)
(52.165 300 551.9)
(77.165 300 537.475)
(102.165 300 523.05)
(127.165 300 508.625)
(152.165 300 494.2)
(177.165 300 479.775)
(202.165 300 465.35)
(227.165 300 450.925)
(252.165 300 436.5)
(277.165 300 422.075)
(302.165 300 407.65)
(327.165 300 393.225)
(352.165 300 378.8)
(377.165 300 364.375)
(402.165 300 349.95)
(427.165 300 335.525)
(452.165 300 321.1)
(477.165 300 306.675)
(502.165 300 292.25)
(527.165 300 277.825)
(552.165 300 263.4)
(577.165 300 248.975)
(602.165 300 234.55)
(627.165 300 220.125)
(652.165 300 205.7)
(677.165 300 191.275)
(702.165 300 176.85)
(727.165 300 162.425)
(752.165 300 148)
(777.165 300 133.575)
(802.165 300 119.15)
(827.165 300 104.725)
(852.165 300 90.3)
(877.165 300 75.875)
(902.165 300 61.45)
(927.165 300 47.025)
(952.165 300 32.6)
(977.165 300 18.175)
(1002.165 300 3.75)
(2.165 325 580.75)
(27.165 325 566.325)
(52.165 325 551.9)
(77.165 325 537.475)
(102.165 325 523.05)
(127.165 325 508.625)
(152.165 325 494.2)
(177.165 325 479.775)
(202.165 325 465.35)
(227.165 325 450.925)
(252.165 325 436.5)
(277.165 325 422.075)
(302.165 325 407.65)
(327.165 325 393.225)
(352.165 325 378.8)
(377.165 325 364.375)
(402.165 325 349.95)
(427.165 325 335.525)
(452.165 325 321.1)
(477.165 325 306.675)
(502.165 325 292.25)
(527.165 325 277.825)
(552.165 325 263.4)
(577.165 325 248.975)
(602.165 325 234.55)
(627.165 325 220.125)
(652.165 325 205.7)
(677.165 325 191.275)
(702.165 325 176.85)
(727.165 325 162.425)
(752.165 325 148)
(777.165 325 133.575)
(802.165 325 119.15)
(827.165 325 104.725)
(852.165 325 90.3)
(877.165 325 75.875)
(902.165 325 61.45)
(927.165 325 47.025)
(952.165 325 32.6)
(977.165 325 18.175)
(1002.165 325 3.75)
(2.165 350 580.75)
(27.165 350 566.325)
(52.165 350 551.9)
(77.165 350 537.475)
(102.165 350 523.05)
(127.165 350 508.625)
(152.165 350 494.2)
(177.165 350 479.775)
(202.165 350 465.35)
(227.165 350 450.925)
(252.165 350 436.5)
(277.165 350 422.075)
(302.165 350 407.65)
(327.165 350 393.225)
(352.165 350 378.8)
(377.165 350 364.375)
(402.165 350 349.95)
(427.165 350 335.525)
(452.165 350 321.1)
(477.165 350 306.675)
(502.165 350 292.25)
(527.165 350 277.825)
(552.165 350 263.4)
(577.165 350 248.975)
(602.165 350 234.55)
(627.165 350 220.125)
(652.165 350 205.7)
(677.165 350 191.275)
(702.165 350 176.85)
(727.165 350 162.425)
(752.165 350 148)
(777.165 350 133.575)
(802.165 350 119.15)
(827.165 350 104.725)
(852.165 350 90.3)
(877.165 350 75.875)
(902.165 350 61.45)
(927.165 350 47.025)
(952.165 350 32.6)
(977.165 350 18.175)
(1002.165 350 3.75)
(2.165 375 580.75)
(27.165 375 566.325)
(52.165 375 551.9)
(77.165 375 537.475)
(102.165 375 523.05)
(127.165 375 508.625)
(152.165 375 494.2)
(177.165 375 479.775)
(202.165 375 465.35)
(227.165 375 450.925)
(252.165 375 436.5)
(277.165 375 422.075)
(302.165 375 407.65)
(327.165 375 393.225)
(352.165 375 378.8)
(377.165 375 364.375)
(402.165 375 349.95)
(427.165 375 335.525)
(452.165 375 321.1)
(477.165 375 306.675)
(502.165 375 292.25)
(527.165 375 277.825)
(552.165 375 263.4)
(577.165 375 248.975)
(602.165 375 234.55)
(627.165 375 220.125)
(652.165 375 205.7)
(677.165 375 191.275)
(702.165 375 176.85)
(727.165 375 162.425)
(752.165 375 148)
(777.165 375 133.575)
(802.165 375 119.15)
(827.165 375 104.725)
(852.165 375 90.3)
(877.165 375 75.875)
(902.165 375 61.45)
(927.165 375 47.025)
(952.165 375 32.6)
(977.165 375 18.175)
(1002.165 375 3.75)
(2.165 400 580.75)
(27.165 400 566.325)
(52.165 400 551.9)
(77.165 400 537.475)
(102.165 400 523.05)
(127.165 400 508.625)
(152.165 400 494.2)
(177.165 400 479.775)
(202.165 400 465.35)
(227.165 400 450.925)
(252.165 400 436.5)
(277.165 400 422.075)
(302.165 400 407.65)
(327.165 400 393.225)
(352.165 400 378.8)
(377.165 400 364.375)
(402.165 400 349.95)
(427.165 400 335.525)
(452.165 400 321.1)
(477.165 400 306.675)
(502.165 400 292.25)
(527.165 400 277.825)
(552.165 400 263.4)
(577.165 400 248.975)
(602.165 400 234.55)
(627.165 400 220.125)
(652.165 400 205.7)
(677.165 400 191.275)
(702.165 400 176.85)
(727.165 400 162.425)
(752.165 400 148)
(777.165 400 133.575)
(802.165 400 119.15)
(827.165 400 104.725)
(852.165 400 90.3)
(877.165 400 75.875)
(902.165 400 61.45)
(927.165 400 47.025)
(952.165 400 32.6)
(977.165 400 18.175)
(1002.165 400 3.75)
(2.165 425 580.75)
(27.165 425 566.325)
(52.165 425 551.9)
(77.165 425 537.475)
(102.165 425 523.05)
(127.165 425 508.625)
(152.165 425 494.2)
(177.165 425 479.775)
(202.165 425 465.35)
(227.165 425 450.925)
(252.165 425 436.5)
(277.165 425 422.075)
(302.165 425 407.65)
(327.165 425 393.225)
(352.165 425 378.8)
(377.165 425 364.375)
(402.165 425 349.95)
(427.165 425 335.525)
(452.165 425 321.1)
(477.165 425 306.675)
(502.165 425 292.25)
(527.165 425 277.825)
(552.165 425 263.4)
(577.165 425 248.975)
(602.165 425 234.55)
(627.165 425 220.125)
(652.165 425 205.7)
(677.165 425 191.275)
(702.165 425 176.85)
(727.165 425 162.425)
(752.165 425 148)
(777.165 425 133.575)
(802.165 425 119.15)
(827.165 425 104.725)
(852.165 425 90.3)
(877.165 425 75.875)
(902.165 425 61.45)
(927.165 425 47.025)
(952.165 425 32.6)
(977.165 425 18.175)
(1002.165 425 3.75)
(2.165 450 580.75)
(27.165 450 566.325)
(52.165 450 551.9)
(77.165 450 537.475)
(102.165 450 523.05)
(127.165 450 508.625)
(152.165 450 494.2)
(177.165 450 479.775)
(202.165 450 465.35)
(227.165 450 450.925)
(252.165 450 436.5)
(277.165 450 422.075)
(302.165 450 407.65)
(327.165 450 393.225)
(352.165 450 378.8)
(377.165 450 364.375)
(402.165 450 349.95)
(427.165 450 335.525)
(452.165 450 321.1)
(477.165 450 306.675)
(502.165 450 292.25)
(527.165 450 277.825)
(552.165 450 263.4)
(577.165 450 248.975)
(602.165 450 234.55)
(627.165 450 220.125)
(652.165 450 205.7)
(677.165 450 191.275)
(702.165 450 176.85)
(727.165 450 162.425)
(752.165 450 148)
(777.165 450 133.575)
(802.165 450 119.15)
(827.165 450 104.725)
(852.165 450 90.3)
(877.165 450 75.875)
(902.165 450 61.45)
(927.165 450 47.025)
(952.165 450 32.6)
(977.165 450 18.175)
(1002.165 450 3.75)
(2.165 475 580.75)
(27.165 475 566.325)
(52.165 475 551.9)
(77.165 475 537.475)
(102.165 475 523.05)
(127.165 475 508.625)
(152.165 475 494.2)
(177.165 475 479.775)
(202.165 475 465.35)
(227.165 475 450.925)
(252.165 475 436.5)
(277.165 475 422.075)
(302.165 475 407.65)
(327.165 475 393.225)
(352.165 475 378.8)
(377.165 475 364.375)
(402.165 475 349.95)
(427.165 475 335.525)
(452.165 475 321.1)
(477.165 475 306.675)
(502.165 475 292.25)
(527.165 475 277.825)
(552.165 475 263.4)
(577.165 475 248.975)
(602.165 475 234.55)
(627.165 475 220.125)
(652.165 475 205.7)
(677.165 475 191.275)
(702.165 475 176.85)
(727.165 475 162.425)
(752.165 475 148)
(777.165 475 133.575)
(802.165 475 119.15)
(827.165 475 104.725)
(852.165 475 90.3)
(877.165 475 75.875)
(902.165 475 61.45)
(927.165 475 47.025)
(952.165 475 32.6)
(977.165 475 18.175)
(1002.165 475 3.75)
(2.165 500 580.75)
(27.165 500 566.325)
(52.165 500 551.9)
(77.165 500 537.475)
(102.165 500 523.05)
(127.165 500 508.625)
(152.165 500 494.2)
(177.165 500 479.775)
(202.165 500 465.35)
(227.165 500 450.925)
(252.165 500 436.5)
(277.165 500 422.075)
(302.165 500 407.65)
(327.165 500 393.225)
(352.165 500 378.8)
(377.165 500 364.375)
(402.165 500 349.95)
(427.165 500 335.525)
(452.165 500 321.1)
(477.165 500 306.675)
(502.165 500 292.25)
(527.165 500 277.825)
(552.165 500 263.4)
(577.165 500 248.975)
(602.165 500 234.55)
(627.165 500 220.125)
(652.165 500 205.7)
(677.165 500 191.275)
(702.165 500 176.85)
(727.165 500 162.425)
(752.165 500 148)
(777.165 500 133.575)
(802.165 500 119.15)
(827.165 500 104.725)
(852.165 500 90.3)
(877.165 500 75.875)
(902.165 500 61.45)
(927.165 500 47.025)
(952.165 500 32.6)
(977.165 500 18.175)
(1002.165 500 3.75)
(4.33 0 584.5)
(29.33 0 570.075)
(54.33 0 555.65)
(79.33 0 541.225)
(104.33 0 526.8)
(129.33 0 512.375)
(154.33 0 497.95)
(179.33 0 483.525)
(204.33 0 469.1)
(229.33 0 454.675)
(254.33 0 440.25)
(279.33 0 425.825)
(304.33 0 411.4)
(329.33 0 396.975)
(354.33 0 382.55)
(379.33 0 368.125)
(404.33 0 353.7)
(429.33 0 339.275)
(454.33 0 324.85)
(479.33 0 310.425)
(504.33 0 296)
(529.33 0 281.575)
(554.33 0 267.15)
(579.33 0 252.725)
(604.33 0 238.3)
(629.33 0 223.875)
(654.33 0 209.45)
(679.33 0 195.025)
(704.33 0 180.6)
(729.33 0 166.175)
(754.33 0 151.75)
(779.33 0 137.325)
(804.33 0 122.9)
(829.33 0 108.475)
(854.33 0 94.05)
(879.33 0 79.625)
(904.33 0 65.2)
(929.33 0 50.775)
(954.33 0 36.35)
(979.33 0 21.925)
(1004.33 0 7.5)
(4.33 25 584.5)
(29.33 25 570.075)
(54.33 25 555.65)
(79.33 25 541.225)
(104.33 25 526.8)
(129.33 25 512.375)
(154.33 25 497.95)
(179.33 25 483.525)
(204.33 25 469.1)
(229.33 25 454.675)
(254.33 25 440.25)
(279.33 25 425.825)
(304.33 25 411.4)
(329.33 25 396.975)
(354.33 25 382.55)
(379.33 25 368.125)
(404.33 25 353.7)
(429.33 25 339.275)
(454.33 25 324.85)
(479.33 25 310.425)
(504.33 25 296)
(529.33 25 281.575)
(554.33 25 267.15)
(579.33 25 252.725)
(604.33 25 238.3)
(629.33 25 223.875)
(654.33 25 209.45)
(679.33 25 195.025)
(704.33 25 180.6)
(729.33 25 166.175)
(754.33 25 151.75)
(779.33 25 137.325)
(804.33 25 122.9)
(829.33 25 108.475)
(854.33 25 94.05)
(879.33 25 79.625)
(904.33 25 65.2)
(929.33 25 50.775)
(954.33 25 36.35)
(979.33 25 21.925)
(1004.33 25 7.5)
(4.33 50 584.5)
(29.33 50 570.075)
(54.33 50 555.65)
(79.33 50 541.225)
(104.33 50 526.8)
(129.33 50 512.375)
(154.33 50 497.95)
(179.33 50 483.525)
(204.33 50 469.1)
(229.33 50 454.675)
(254.33 50 440.25)
(279.33 50 425.825)
(304.33 50 411.4)
(329.33 50 396.975)
(354.33 50 382.55)
(379.33 50 368.125)
(404.33 50 353.7)
(429.33 50 339.275)
(454.33 50 324.85)
(479.33 50 310.425)
(504.33 50 296)
(529.33 50 281.575)
(554.33 50 267.15)
(579.33 50 252.725)
(604.33 50 238.3)
(629.33 50 223.875)
(654.33 50 209.45)
(679.33 50 195.025)
(704.33 50 180.6)
(729.33 50 166.175)
(754.33 50 151.75)
(779.33 50 137.325)
(804.33 50 122.9)
(829.33 50 108.475)
(854.33 50 94.05)
(879.33 50 79.625)
(904.33 50 65.2)
(929.33 50 50.775)
(954.33 50 36.35)
(979.33 50 21.925)
(1004.33 50 7.5)
(4.33 75 584.5)
(29.33 75 570.075)
(54.33 75 555.65)
(79.33 75 541.225)
(104.33 75 526.8)
(129.33 75 512.375)
(154.33 75 497.95)
(179.33 75 483.525)
(204.33 75 469.1)
(229.33 75 454.675)
(254.33 75 440.25)
(279.33 75 425.825)
(304.33 75 411.4)
(329.33 75 396.975)
(354.33 75 382.55)
(379.33 75 368.125)
(404.33 75 353.7)
(429.33 75 339.275)
(454.33 75 324.85)
(479.33 75 310.425)
(504.33 75 296)
(529.33 75 281.575)
(554.33 75 267.15)
(579.33 75 252.725)
(604.33 75 238.3)
(629.33 75 223.875)
(654.33 75 209.45)
(679.33 75 195.025)
(704.33 75 180.6)
(729.33 75 166.175)
(754.33 75 151.75)
(779.33 75 137.325)
(804.33 75 122.9)
(829.33 75 108.475)
(854.33 75 94.05)
(879.33 75 79.625)
(904.33 75 65.2)
(929.33 75 50.775)
(954.33 75 36.35)
(979.33 75 21.925)
(1004.33 75 7.5)
(4.33 100 584.5)
(29.33 100 570.075)
(54.33 100 555.65)
(79.33 100 541.225)
(104.33 100 526.8)
(129.33 100 512.375)
(154.33 100 497.95)
(179.33 100 483.525)
(204.33 100 469.1)
(229.33 100 454.675)
(254.33 100 440.25)
(279.33 100 425.825)
(304.33 100 411.4)
(329.33 100 396.975)
(354.33 100 382.55)
(379.33 100 368.125)
(404.33 100 353.7)
(429.33 100 339.275)
(454.33 100 324.85)
(479.33 100 310.425)
(504.33 100 296)
(529.33 100 281.575)
(554.33 100 267.15)
(579.33 100 252.725)
(604.33 100 238.3)
(629.33 100 223.875)
(654.33 100 209.45)
(679.33 100 195.025)
(704.33 100 180.6)
(729.33 100 166.175)
(754.33 100 151.75)
(779.33 100 137.325)
(804.33 100 122.9)
(829.33 100 108.475)
(854.33 100 94.05)
(879.33 100 79.625)
(904.33 100 65.2)
(929.33 100 50.775)
(954.33 100 36.35)
(979.33 100 21.925)
(1004.33 100 7.5)
(4.33 125 584.5)
(29.33 125 570.075)
(54.33 125 555.65)
(79.33 125 541.225)
(104.33 125 526.8)
(129.33 125 512.375)
(154.33 125 497.95)
(179.33 125 483.525)
(204.33 125 469.1)
(229.33 125 454.675)
(254.33 125 440.25)
(279.33 125 425.825)
(304.33 125 411.4)
(329.33 125 396.975)
(354.33 125 382.55)
(379.33 125 368.125)
(404.33 125 353.7)
(429.33 125 339.275)
(454.33 125 324.85)
(479.33 125 310.425)
(504.33 125 296)
(529.33 125 281.575)
(554.33 125 267.15)
(579.33 125 252.725)
(604.33 125 238.3)
(629.33 125 223.875)
(654.33 125 209.45)
(679.33 125 195.025)
(704.33 125 180.6)
(729.33 125 166.175)
(754.33 125 151.75)
(779.33 125 137.325)
(804.33 125 122.9)
(829.33 125 108.475)
(854.33 125 94.05)
(879.33 125 79.625)
(904.33 125 65.2)
(929.33 125 50.775)
(954.33 125 36.35)
(979.33 125 21.925)
(1004.33 125 7.5)
(4.33 150 584.5)
(29.33 150 570.075)
(54.33 150 555.65)
(79.33 150 541.225)
(104.33 150 526.8)
(129.33 150 512.375)
(154.33 150 497.95)
(179.33 150 483.525)
(204.33 150 469.1)
(229.33 150 454.675)
(254.33 150 440.25)
(279.33 150 425.825)
(304.33 150 411.4)
(329.33 150 396.975)
(354.33 150 382.55)
(379.33 150 368.125)
(404.33 150 353.7)
(429.33 150 339.275)
(454.33 150 324.85)
(479.33 150 310.425)
(504.33 150 296)
(529.33 150 281.575)
(554.33 150 267.15)
(579.33 150 252.725)
(604.33 150 238.3)
(629.33 150 223.875)
(654.33 150 209.45)
(679.33 150 195.025)
(704.33 150 180.6)
(729.33 150 166.175)
(754.33 150 151.75)
(779.33 150 137.325)
(804.33 150 122.9)
(829.33 150 108.475)
(854.33 150 94.05)
(879.33 150 79.625)
(904.33 150 65.2)
(929.33 150 50.775)
(954.33 150 36.35)
(979.33 150 21.925)
(1004.33 150 7.5)
(4.33 175 584.5)
(29.33 175 570.075)
(54.33 175 555.65)
(79.33 175 541.225)
(104.33 175 526.8)
(129.33 175 512.375)
(154.33 175 497.95)
(179.33 175 483.525)
(204.33 175 469.1)
(229.33 175 454.675)
(254.33 175 440.25)
(279.33 175 425.825)
(304.33 175 411.4)
(329.33 175 396.975)
(354.33 175 382.55)
(379.33 175 368.125)
(404.33 175 353.7)
(429.33 175 339.275)
(454.33 175 324.85)
(479.33 175 310.425)
(504.33 175 296)
(529.33 175 281.575)
(554.33 175 267.15)
(579.33 175 252.725)
(604.33 175 238.3)
(629.33 175 223.875)
(654.33 175 209.45)
(679.33 175 195.025)
(704.33 175 180.6)
(729.33 175 166.175)
(754.33 175 151.75)
(779.33 175 137.325)
(804.33 175 122.9)
(829.33 175 108.475)
(854.33 175 94.05)
(879.33 175 79.625)
(904.33 175 65.2)
(929.33 175 50.775)
(954.33 175 36.35)
(979.33 175 21.925)
(1004.33 175 7.5)
(4.33 200 584.5)
(29.33 200 570.075)
(54.33 200 555.65)
(79.33 200 541.225)
(104.33 200 526.8)
(129.33 200 512.375)
(154.33 200 497.95)
(179.33 200 483.525)
(204.33 200 469.1)
(229.33 200 454.675)
(254.33 200 440.25)
(279.33 200 425.825)
(304.33 200 411.4)
(329.33 200 396.975)
(354.33 200 382.55)
(379.33 200 368.125)
(404.33 200 353.7)
(429.33 200 339.275)
(454.33 200 324.85)
(479.33 200 310.425)
(504.33 200 296)
(529.33 200 281.575)
(554.33 200 267.15)
(579.33 200 252.725)
(604.33 200 238.3)
(629.33 200 223.875)
(654.33 200 209.45)
(679.33 200 195.025)
(704.33 200 180.6)
(729.33 200 166.175)
(754.33 200 151.75)
(779.33 200 137.325)
(804.33 200 122.9)
(829.33 200 108.475)
(854.33 200 94.05)
(879.33 200 79.625)
(904.33 200 65.2)
(929.33 200 50.775)
(954.33 200 36.35)
(979.33 200 21.925)
(1004.33 200 7.5)
(4.33 225 584.5)
(29.33 225 570.075)
(54.33 225 555.65)
(79.33 225 541.225)
(104.33 225 526.8)
(129.33 225 512.375)
(154.33 225 497.95)
(179.33 225 483.525)
(204.33 225 469.1)
(229.33 225 454.675)
(254.33 225 440.25)
(279.33 225 425.825)
(304.33 225 411.4)
(329.33 225 396.975)
(354.33 225 382.55)
(379.33 225 368.125)
(404.33 225 353.7)
(429.33 225 339.275)
(454.33 225 324.85)
(479.33 225 310.425)
(504.33 225 296)
(529.33 225 281.575)
(554.33 225 267.15)
(579.33 225 252.725)
(604.33 225 238.3)
(629.33 225 223.875)
(654.33 225 209.45)
(679.33 225 195.025)
(704.33 225 180.6)
(729.33 225 166.175)
(754.33 225 151.75)
(779.33 225 137.325)
(804.33 225 122.9)
(829.33 225 108.475)
(854.33 225 94.05)
(879.33 225 79.625)
(904.33 225 65.2)
(929.33 225 50.775)
(954.33 225 36.35)
(979.33 225 21.925)
(1004.33 225 7.5)
(4.33 250 584.5)
(29.33 250 570.075)
(54.33 250 555.65)
(79.33 250 541.225)
(104.33 250 526.8)
(129.33 250 512.375)
(154.33 250 497.95)
(179.33 250 483.525)
(204.33 250 469.1)
(229.33 250 454.675)
(254.33 250 440.25)
(279.33 250 425.825)
(304.33 250 411.4)
(329.33 250 396.975)
(354.33 250 382.55)
(379.33 250 368.125)
(404.33 250 353.7)
(429.33 250 339.275)
(454.33 250 324.85)
(479.33 250 310.425)
(504.33 250 296)
(529.33 250 281.575)
(554.33 250 267.15)
(579.33 250 252.725)
(604.33 250 238.3)
(629.33 250 223.875)
(654.33 250 209.45)
(679.33 250 195.025)
(704.33 250 180.6)
(729.33 250 166.175)
(754.33 250 151.75)
(779.33 250 137.325)
(804.33 250 122.9)
(829.33 250 108.475)
(854.33 250 94.05)
(879.33 250 79.625)
(904.33 250 65.2)
(929.33 250 50.775)
(954.33 250 36.35)
(979.33 250 21.925)
(1004.33 250 7.5)
(4.33 275 584.5)
(29.33 275 570.075)
(54.33 275 555.65)
(79.33 275 541.225)
(104.33 275 526.8)
(129.33 275 512.375)
(154.33 275 497.95)
(179.33 275 483.525)
(204.33 275 469.1)
(229.33 275 454.675)
(254.33 275 440.25)
(279.33 275 425.825)
(304.33 275 411.4)
(329.33 275 396.975)
(354.33 275 382.55)
(379.33 275 368.125)
(404.33 275 353.7)
(429.33 275 339.275)
(454.33 275 324.85)
(479.33 275 310.425)
(504.33 275 296)
(529.33 275 281.575)
(554.33 275 267.15)
(579.33 275 252.725)
(604.33 275 238.3)
(629.33 275 223.875)
(654.33 275 209.45)
(679.33 275 195.025)
(704.33 275 180.6)
(729.33 275 166.175)
(754.33 275 151.75)
(779.33 275 137.325)
(804.33 275 122.9)
(829.33 275 108.475)
(854.33 275 94.05)
(879.33 275 79.625)
(904.33 275 65.2)
(929.33 275 50.775)
(954.33 275 36.35)
(979.33 275 21.925)
(1004.33 275 7.5)
(4.33 300 584.5)
(29.33 300 570.075)
(54.33 300 555.65)
(79.33 300 541.225)
(104.33 300 526.8)
(129.33 300 512.375)
(154.33 300 497.95)
(179.33 300 483.525)
(204.33 300 469.1)
(229.33 300 454.675)
(254.33 300 440.25)
(279.33 300 425.825)
(304.33 300 411.4)
(329.33 300 396.975)
(354.33 300 382.55)
(379.33 300 368.125)
(404.33 300 353.7)
(429.33 300 339.275)
(454.33 300 324.85)
(479.33 300 310.425)
(504.33 300 296)
(529.33 300 281.575)
(554.33 300 267.15)
(579.33 300 252.725)
(604.33 300 238.3)
(629.33 300 223.875)
(654.33 300 209.45)
(679.33 300 195.025)
(704.33 300 180.6)
(729.33 300 166.175)
(754.33 300 151.75)
(779.33 300 137.325)
(804.33 300 122.9)
(829.33 300 108.475)
(854.33 300 94.05)
(879.33 300 79.625)
(904.33 300 65.2)
(929.33 300 50.775)
(954.33 300 36.35)
(979.33 300 21.925)
(1004.33 300 7.5)
(4.33 325 584.5)
(29.33 325 570.075)
(54.33 325 555.65)
(79.33 325 541.225)
(104.33 325 526.8)
(129.33 325 512.375)
(154.33 325 497.95)
(179.33 325 483.525)
(204.33 325 469.1)
(229.33 325 454.675)
(254.33 325 440.25)
(279.33 325 425.825)
(304.33 325 411.4)
(329.33 325 396.975)
(354.33 325 382.55)
(379.33 325 368.125)
(404.33 325 353.7)
(429.33 325 339.275)
(454.33 325 324.85)
(479.33 325 310.425)
(504.33 325 296)
(529.33 325 281.575)
(554.33 325 267.15)
(579.33 325 252.725)
(604.33 325 238.3)
(629.33 325 223.875)
(654.33 325 209.45)
(679.33 325 195.025)
(704.33 325 180.6)
(729.33 325 166.175)
(754.33 325 151.75)
(779.33 325 137.325)
(804.33 325 122.9)
(829.33 325 108.475)
(854.33 325 94.05)
(879.33 325 79.625)
(904.33 325 65.2)
(929.33 325 50.775)
(954.33 325 36.35)
(979.33 325 21.925)
(1004.33 325 7.5)
(4.33 350 584.5)
(29.33 350 570.075)
(54.33 350 555.65)
(79.33 350 541.225)
(104.33 350 526.8)
(129.33 350 512.375)
(154.33 350 497.95)
(179.33 350 483.525)
(204.33 350 469.1)
(229.33 350 454.675)
(254.33 350 440.25)
(279.33 350 425.825)
(304.33 350 411.4)
(329.33 350 396.975)
(354.33 350 382.55)
(379.33 350 368.125)
(404.33 350 353.7)
(429.33 350 339.275)
(454.33 350 324.85)
(479.33 350 310.425)
(504.33 350 296)
(529.33 350 281.575)
(554.33 350 267.15)
(579.33 350 252.725)
(604.33 350 238.3)
(629.33 350 223.875)
(654.33 350 209.45)
(679.33 350 195.025)
(704.33 350 180.6)
(729.33 350 166.175)
(754.33 350 151.75)
(779.33 350 137.325)
(804.33 350 122.9)
(829.33 350 108.475)
(854.33 350 94.05)
(879.33 350 79.625)
(904.33 350 65.2)
(929.33 350 50.775)
(954.33 350 36.35)
(979.33 350 21.925)
(1004.33 350 7.5)
(4.33 375 584.5)
(29.33 375 570.075)
(54.33 375 555.65)
(79.33 375 541.225)
(104.33 375 526.8)
(129.33 375 512.375)
(154.33 375 497.95)
(179.33 375 483.525)
(204.33 375 469.1)
(229.33 375 454.675)
(254.33 375 440.25)
(279.33 375 425.825)
(304.33 375 411.4)
(329.33 375 396.975)
(354.33 375 382.55)
(379.33 375 368.125)
(404.33 375 353.7)
(429.33 375 339.275)
(454.33 375 324.85)
(479.33 375 310.425)
(504.33 375 296)
(529.33 375 281.575)
(554.33 375 267.15)
(579.33 375 252.725)
(604.33 375 238.3)
(629.33 375 223.875)
(654.33 375 209.45)
(679.33 375 195.025)
(704.33 375 180.6)
(729.33 375 166.175)
(754.33 375 151.75)
(779.33 375 137.325)
(804.33 375 122.9)
(829.33 375 108.475)
(854.33 375 94.05)
(879.33 375 79.625)
(904.33 375 65.2)
(929.33 375 50.775)
(954.33 375 36.35)
(979.33 375 21.925)
(1004.33 375 7.5)
(4.33 400 584.5)
(29.33 400 570.075)
(54.33 400 555.65)
(79.33 400 541.225)
(104.33 400 526.8)
(129.33 400 512.375)
(154.33 400 497.95)
(179.33 400 483.525)
(204.33 400 469.1)
(229.33 400 454.675)
(254.33 400 440.25)
(279.33 400 425.825)
(304.33 400 411.4)
(329.33 400 396.975)
(354.33 400 382.55)
(379.33 400 368.125)
(404.33 400 353.7)
(429.33 400 339.275)
(454.33 400 324.85)
(479.33 400 310.425)
(504.33 400 296)
(529.33 400 281.575)
(554.33 400 267.15)
(579.33 400 252.725)
(604.33 400 238.3)
(629.33 400 223.875)
(654.33 400 209.45)
(679.33 400 195.025)
(704.33 400 180.6)
(729.33 400 166.175)
(754.33 400 151.75)
(779.33 400 137.325)
(804.33 400 122.9)
(829.33 400 108.475)
(854.33 400 94.05)
(879.33 400 79.625)
(904.33 400 65.2)
(929.33 400 50.775)
(954.33 400 36.35)
(979.33 400 21.925)
(1004.33 400 7.5)
(4.33 425 584.5)
(29.33 425 570.075)
(54.33 425 555.65)
(79.33 425 541.225)
(104.33 425 526.8)
(129.33 425 512.375)
(154.33 425 497.95)
(179.33 425 483.525)
(204.33 425 469.1)
(229.33 425 454.675)
(254.33 425 440.25)
(279.33 425 425.825)
(304.33 425 411.4)
(329.33 425 396.975)
(354.33 425 382.55)
(379.33 425 368.125)
(404.33 425 353.7)
(429.33 425 339.275)
(454.33 425 324.85)
(479.33 425 310.425)
(504.33 425 296)
(529.33 425 281.575)
(554.33 425 267.15)
(579.33 425 252.725)
(604.33 425 238.3)
(629.33 425 223.875)
(654.33 425 209.45)
(679.33 425 195.025)
(704.33 425 180.6)
(729.33 425 166.175)
(754.33 425 151.75)
(779.33 425 137.325)
(804.33 425 122.9)
(829.33 425 108.475)
(854.33 425 94.05)
(879.33 425 79.625)
(904.33 425 65.2)
(929.33 425 50.775)
(954.33 425 36.35)
(979.33 425 21.925)
(1004.33 425 7.5)
(4.33 450 584.5)
(29.33 450 570.075)
(54.33 450 555.65)
(79.33 450 541.225)
(104.33 450 526.8)
(129.33 450 512.375)
(154.33 450 497.95)
(179.33 450 483.525)
(204.33 450 469.1)
(229.33 450 454.675)
(254.33 450 440.25)
(279.33 450 425.825)
(304.33 450 411.4)
(329.33 450 396.975)
(354.33 450 382.55)
(379.33 450 368.125)
(404.33 450 353.7)
(429.33 450 339.275)
(454.33 450 324.85)
(479.33 450 310.425)
(504.33 450 296)
(529.33 450 281.575)
(554.33 450 267.15)
(579.33 450 252.725)
(604.33 450 238.3)
(629.33 450 223.875)
(654.33 450 209.45)
(679.33 450 195.025)
(704.33 450 180.6)
(729.33 450 166.175)
(754.33 450 151.75)
(779.33 450 137.325)
(804.33 450 122.9)
(829.33 450 108.475)
(854.33 450 94.05)
(879.33 450 79.625)
(904.33 450 65.2)
(929.33 450 50.775)
(954.33 450 36.35)
(979.33 450 21.925)
(1004.33 450 7.5)
(4.33 475 584.5)
(29.33 475 570.075)
(54.33 475 555.65)
(79.33 475 541.225)
(104.33 475 526.8)
(129.33 475 512.375)
(154.33 475 497.95)
(179.33 475 483.525)
(204.33 475 469.1)
(229.33 475 454.675)
(254.33 475 440.25)
(279.33 475 425.825)
(304.33 475 411.4)
(329.33 475 396.975)
(354.33 475 382.55)
(379.33 475 368.125)
(404.33 475 353.7)
(429.33 475 339.275)
(454.33 475 324.85)
(479.33 475 310.425)
(504.33 475 296)
(529.33 475 281.575)
(554.33 475 267.15)
(579.33 475 252.725)
(604.33 475 238.3)
(629.33 475 223.875)
(654.33 475 209.45)
(679.33 475 195.025)
(704.33 475 180.6)
(729.33 475 166.175)
(754.33 475 151.75)
(779.33 475 137.325)
(804.33 475 122.9)
(829.33 475 108.475)
(854.33 475 94.05)
(879.33 475 79.625)
(904.33 475 65.2)
(929.33 475 50.775)
(954.33 475 36.35)
(979.33 475 21.925)
(1004.33 475 7.5)
(4.33 500 584.5)
(29.33 500 570.075)
(54.33 500 555.65)
(79.33 500 541.225)
(104.33 500 526.8)
(129.33 500 512.375)
(154.33 500 497.95)
(179.33 500 483.525)
(204.33 500 469.1)
(229.33 500 454.675)
(254.33 500 440.25)
(279.33 500 425.825)
(304.33 500 411.4)
(329.33 500 396.975)
(354.33 500 382.55)
(379.33 500 368.125)
(404.33 500 353.7)
(429.33 500 339.275)
(454.33 500 324.85)
(479.33 500 310.425)
(504.33 500 296)
(529.33 500 281.575)
(554.33 500 267.15)
(579.33 500 252.725)
(604.33 500 238.3)
(629.33 500 223.875)
(654.33 500 209.45)
(679.33 500 195.025)
(704.33 500 180.6)
(729.33 500 166.175)
(754.33 500 151.75)
(779.33 500 137.325)
(804.33 500 122.9)
(829.33 500 108.475)
(854.33 500 94.05)
(879.33 500 79.625)
(904.33 500 65.2)
(929.33 500 50.775)
(954.33 500 36.35)
(979.33 500 21.925)
(1004.33 500 7.5)
(6.495 0 588.25)
(31.495 0 573.825)
(56.495 0 559.4)
(81.495 0 544.975)
(106.495 0 530.55)
(131.495 0 516.125)
(156.495 0 501.7)
(181.495 0 487.275)
(206.495 0 472.85)
(231.495 0 458.425)
(256.495 0 444)
(281.495 0 429.575)
(306.495 0 415.15)
(331.495 0 400.725)
(356.495 0 386.3)
(381.495 0 371.875)
(406.495 0 357.45)
(431.495 0 343.025)
(456.495 0 328.6)
(481.495 0 314.175)
(506.495 0 299.75)
(531.495 0 285.325)
(556.495 0 270.9)
(581.495 0 256.475)
(606.495 0 242.05)
(631.495 0 227.625)
(656.495 0 213.2)
(681.495 0 198.775)
(706.495 0 184.35)
(731.495 0 169.925)
(756.495 0 155.5)
(781.495 0 141.075)
(806.495 0 126.65)
(831.495 0 112.225)
(856.495 0 97.8)
(881.495 0 83.375)
(906.495 0 68.95)
(931.495 0 54.525)
(956.495 0 40.1)
(981.495 0 25.675)
(1006.495 0 11.25)
(6.495 25 588.25)
(31.495 25 573.825)
(56.495 25 559.4)
(81.495 25 544.975)
(106.495 25 530.55)
(131.495 25 516.125)
(156.495 25 501.7)
(181.495 25 487.275)
(206.495 25 472.85)
(231.495 25 458.425)
(256.495 25 444)
(281.495 25 429.575)
(306.495 25 415.15)
(331.495 25 400.725)
(356.495 25 386.3)
(381.495 25 371.875)
(406.495 25 357.45)
(431.495 25 343.025)
(456.495 25 328.6)
(481.495 25 314.175)
(506.495 25 299.75)
(531.495 25 285.325)
(556.495 25 270.9)
(581.495 25 256.475)
(606.495 25 242.05)
(631.495 25 227.625)
(656.495 25 213.2)
(681.495 25 198.775)
(706.495 25 184.35)
(731.495 25 169.925)
(756.495 25 155.5)
(781.495 25 141.075)
(806.495 25 126.65)
(831.495 25 112.225)
(856.495 25 97.8)
(881.495 25 83.375)
(906.495 25 68.95)
(931.495 25 54.525)
(956.495 25 40.1)
(981.495 25 25.675)
(1006.495 25 11.25)
(6.495 50 588.25)
(31.495 50 573.825)
(56.495 50 559.4)
(81.495 50 544.975)
(106.495 50 530.55)
(131.495 50 516.125)
(156.495 50 501.7)
(181.495 50 487.275)
(206.495 50 472.85)
(231.495 50 458.425)
(256.495 50 444)
(281.495 50 429.575)
(306.495 50 415.15)
(331.495 50 400.725)
(356.495 50 386.3)
(381.495 50 371.875)
(406.495 50 357.45)
(431.495 50 343.025)
(456.495 50 328.6)
(481.495 50 314.175)
(506.495 50 299.75)
(531.495 50 285.325)
(556.495 50 270.9)
(581.495 50 256.475)
(606.495 50 242.05)
(631.495 50 227.625)
(656.495 50 213.2)
(681.495 50 198.775)
(706.495 50 184.35)
(731.495 50 169.925)
(756.495 50 155.5)
(781.495 50 141.075)
(806.495 50 126.65)
(831.495 50 112.225)
(856.495 50 97.8)
(881.495 50 83.375)
(906.495 50 68.95)
(931.495 50 54.525)
(956.495 50 40.1)
(981.495 50 25.675)
(1006.495 50 11.25)
(6.495 75 588.25)
(31.495 75 573.825)
(56.495 75 559.4)
(81.495 75 544.975)
(106.495 75 530.55)
(131.495 75 516.125)
(156.495 75 501.7)
(181.495 75 487.275)
(206.495 75 472.85)
(231.495 75 458.425)
(256.495 75 444)
(281.495 75 429.575)
(306.495 75 415.15)
(331.495 75 400.725)
(356.495 75 386.3)
(381.495 75 371.875)
(406.495 75 357.45)
(431.495 75 343.025)
(456.495 75 328.6)
(481.495 75 314.175)
(506.495 75 299.75)
(531.495 75 285.325)
(556.495 75 270.9)
(581.495 75 256.475)
(606.495 75 242.05)
(631.495 75 227.625)
(656.495 75 213.2)
(681.495 75 198.775)
(706.495 75 184.35)
(731.495 75 169.925)
(756.495 75 155.5)
(781.495 75 141.075)
(806.495 75 126.65)
(831.495 75 112.225)
(856.495 75 97.8)
(881.495 75 83.375)
(906.495 75 68.95)
(931.495 75 54.525)
(956.495 75 40.1)
(981.495 75 25.675)
(1006.495 75 11.25)
(6.495 100 588.25)
(31.495 100 573.825)
(56.495 100 559.4)
(81.495 100 544.975)
(106.495 100 530.55)
(131.495 100 516.125)
(156.495 100 501.7)
(181.495 100 487.275)
(206.495 100 472.85)
(231.495 100 458.425)
(256.495 100 444)
(281.495 100 429.575)
(306.495 100 415.15)
(331.495 100 400.725)
(356.495 100 386.3)
(381.495 100 371.875)
(406.495 100 357.45)
(431.495 100 343.025)
(456.495 100 328.6)
(481.495 100 314.175)
(506.495 100 299.75)
(531.495 100 285.325)
(556.495 100 270.9)
(581.495 100 256.475)
(606.495 100 242.05)
(631.495 100 227.625)
(656.495 100 213.2)
(681.495 100 198.775)
(706.495 100 184.35)
(731.495 100 169.925)
(756.495 100 155.5)
(781.495 100 141.075)
(806.495 100 126.65)
(831.495 100 112.225)
(856.495 100 97.8)
(881.495 100 83.375)
(906.495 100 68.95)
(931.495 100 54.525)
(956.495 100 40.1)
(981.495 100 25.675)
(1006.495 100 11.25)
(6.495 125 588.25)
(31.495 125 573.825)
(56.495 125 559.4)
(81.495 125 544.975)
(106.495 125 530.55)
(131.495 125 516.125)
(156.495 125 501.7)
(181.495 125 487.275)
(206.495 125 472.85)
(231.495 125 458.425)
(256.495 125 444)
(281.495 125 429.575)
(306.495 125 415.15)
(331.495 125 400.725)
(356.495 125 386.3)
(381.495 125 371.875)
(406.495 125 357.45)
(431.495 125 343.025)
(456.495 125 328.6)
(481.495 125 314.175)
(506.495 125 299.75)
(531.495 125 285.325)
(556.495 125 270.9)
(581.495 125 256.475)
(606.495 125 242.05)
(631.495 125 227.625)
(656.495 125 213.2)
(681.495 125 198.775)
(706.495 125 184.35)
(731.495 125 169.925)
(756.495 125 155.5)
(781.495 125 141.075)
(806.495 125 126.65)
(831.495 125 112.225)
(856.495 125 97.8)
(881.495 125 83.375)
(906.495 125 68.95)
(931.495 125 54.525)
(956.495 125 40.1)
(981.495 125 25.675)
(1006.495 125 11.25)
(6.495 150 588.25)
(31.495 150 573.825)
(56.495 150 559.4)
(81.495 150 544.975)
(106.495 150 530.55)
(131.495 150 516.125)
(156.495 150 501.7)
(181.495 150 487.275)
(206.495 150 472.85)
(231.495 150 458.425)
(256.495 150 444)
(281.495 150 429.575)
(306.495 150 415.15)
(331.495 150 400.725)
(356.495 150 386.3)
(381.495 150 371.875)
(406.495 150 357.45)
(431.495 150 343.025)
(456.495 150 328.6)
(481.495 150 314.175)
(506.495 150 299.75)
(531.495 150 285.325)
(556.495 150 270.9)
(581.495 150 256.475)
(606.495 150 242.05)
(631.495 150 227.625)
(656.495 150 213.2)
(681.495 150 198.775)
(706.495 150 184.35)
(731.495 150 169.925)
(756.495 150 155.5)
(781.495 150 141.075)
(806.495 150 126.65)
(831.495 150 112.225)
(856.495 150 97.8)
(881.495 150 83.375)
(906.495 150 68.95)
(931.495 150 54.525)
(956.495 150 40.1)
(981.495 150 25.675)
(1006.495 150 11.25)
(6.495 175 588.25)
(31.495 175 573.825)
(56.495 175 559.4)
(81.495 175 544.975)
(106.495 175 530.55)
(131.495 175 516.125)
(156.495 175 501.7)
(181.495 175 487.275)
(206.495 175 472.85)
(231.495 175 458.425)
(256.495 175 444)
(281.495 175 429.575)
(306.495 175 415.15)
(331.495 175 400.725)
(356.495 175 386.3)
(381.495 175 371.875)
(406.495 175 357.45)
(431.495 175 343.025)
(456.495 175 328.6)
(481.495 175 314.175)
(506.495 175 299.75)
(531.495 175 285.325)
(556.495 175 270.9)
(581.495 175 256.475)
(606.495 175 242.05)
(631.495 175 227.625)
(656.495 175 213.2)
(681.495 175 198.775)
(706.495 175 184.35)
(731.495 175 169.925)
(756.495 175 155.5)
(781.495 175 141.075)
(806.495 175 126.65)
(831.495 175 112.225)
(856.495 175 97.8)
(881.495 175 83.375)
(906.495 175 68.95)
(931.495 175 54.525)
(956.495 175 40.1)
(981.495 175 25.675)
(1006.495 175 11.25)
(6.495 200 588.25)
(31.495 200 573.825)
(56.495 200 559.4)
(81.495 200 544.975)
(106.495 200 530.55)
(131.495 200 516.125)
(156.495 200 501.7)
(181.495 200 487.275)
(206.495 200 472.85)
(231.495 200 458.425)
(256.495 200 444)
(281.495 200 429.575)
(306.495 200 415.15)
(331.495 200 400.725)
(356.495 200 386.3)
(381.495 200 371.875)
(406.495 200 357.45)
(431.495 200 343.025)
(456.495 200 328.6)
(481.495 200 314.175)
(506.495 200 299.75)
(531.495 200 285.325)
(556.495 200 270.9)
(581.495 200 256.475)
(606.495 200 242.05)
(631.495 200 227.625)
(656.495 200 213.2)
(681.495 200 198.775)
(706.495 200 184.35)
(731.495 200 169.925)
(756.495 200 155.5)
(781.495 200 141.075)
(806.495 200 126.65)
(831.495 200 112.225)
(856.495 200 97.8)
(881.495 200 83.375)
(906.495 200 68.95)
(931.495 200 54.525)
(956.495 200 40.1)
(981.495 200 25.675)
(1006.495 200 11.25)
(6.495 225 588.25)
(31.495 225 573.825)
(56.495 225 559.4)
(81.495 225 544.975)
(106.495 225 530.55)
(131.495 225 516.125)
(156.495 225 501.7)
(181.495 225 487.275)
(206.495 225 472.85)
(231.495 225 458.425)
(256.495 225 444)
(281.495 225 429.575)
(306.495 225 415.15)
(331.495 225 400.725)
(356.495 225 386.3)
(381.495 225 371.875)
(406.495 225 357.45)
(431.495 225 343.025)
(456.495 225 328.6)
(481.495 225 314.175)
(506.495 225 299.75)
(531.495 225 285.325)
(556.495 225 270.9)
(581.495 225 256.475)
(606.495 225 242.05)
(631.495 225 227.625)
(656.495 225 213.2)
(681.495 225 198.775)
(706.495 225 184.35)
(731.495 225 169.925)
(756.495 225 155.5)
(781.495 225 141.075)
(806.495 225 126.65)
(831.495 225 112.225)
(856.495 225 97.8)
(881.495 225 83.375)
(906.495 225 68.95)
(931.495 225 54.525)
(956.495 225 40.1)
(981.495 225 25.675)
(1006.495 225 11.25)
(6.495 250 588.25)
(31.495 250 573.825)
(56.495 250 559.4)
(81.495 250 544.975)
(106.495 250 530.55)
(131.495 250 516.125)
(156.495 250 501.7)
(181.495 250 487.275)
(206.495 250 472.85)
(231.495 250 458.425)
(256.495 250 444)
(281.495 250 429.575)
(306.495 250 415.15)
(331.495 250 400.725)
(356.495 250 386.3)
(381.495 250 371.875)
(406.495 250 357.45)
(431.495 250 343.025)
(456.495 250 328.6)
(481.495 250 314.175)
(506.495 250 299.75)
(531.495 250 285.325)
(556.495 250 270.9)
(581.495 250 256.475)
(606.495 250 242.05)
(631.495 250 227.625)
(656.495 250 213.2)
(681.495 250 198.775)
(706.495 250 184.35)
(731.495 250 169.925)
(756.495 250 155.5)
(781.495 250 141.075)
(806.495 250 126.65)
(831.495 250 112.225)
(856.495 250 97.8)
(881.495 250 83.375)
(906.495 250 68.95)
(931.495 250 54.525)
(956.495 250 40.1)
(981.495 250 25.675)
(1006.495 250 11.25)
(6.495 275 588.25)
(31.495 275 573.825)
(56.495 275 559.4)
(81.495 275 544.975)
(106.495 275 530.55)
(131.495 275 516.125)
(156.495 275 501.7)
(181.495 275 487.275)
(206.495 275 472.85)
(231.495 275 458.425)
(256.495 275 444)
(281.495 275 429.575)
(306.495 275 415.15)
(331.495 275 400.725)
(356.495 275 386.3)
(381.495 275 371.875)
(406.495 275 357.45)
(431.495 275 343.025)
(456.495 275 328.6)
(481.495 275 314.175)
(506.495 275 299.75)
(531.495 275 285.325)
(556.495 275 270.9)
(581.495 275 256.475)
(606.495 275 242.05)
(631.495 275 227.625)
(656.495 275 213.2)
(681.495 275 198.775)
(706.495 275 184.35)
(731.495 275 169.925)
(756.495 275 155.5)
(781.495 275 141.075)
(806.495 275 126.65)
(831.495 275 112.225)
(856.495 275 97.8)
(881.495 275 83.375)
(906.495 275 68.95)
(931.495 275 54.525)
(956.495 275 40.1)
(981.495 275 25.675)
(1006.495 275 11.25)
(6.495 300 588.25)
(31.495 300 573.825)
(56.495 300 559.4)
(81.495 300 544.975)
(106.495 300 530.55)
(131.495 300 516.125)
(156.495 300 501.7)
(181.495 300 487.275)
(206.495 300 472.85)
(231.495 300 458.425)
(256.495 300 444)
(281.495 300 429.575)
(306.495 300 415.15)
(331.495 300 400.725)
(356.495 300 386.3)
(381.495 300 371.875)
(406.495 300 357.45)
(431.495 300 343.025)
(456.495 300 328.6)
(481.495 300 314.175)
(506.495 300 299.75)
(531.495 300 285.325)
(556.495 300 270.9)
(581.495 300 256.475)
(606.495 300 242.05)
(631.495 300 227.625)
(656.495 300 213.2)
(681.495 300 198.775)
(706.495 300 184.35)
(731.495 300 169.925)
(756.495 300 155.5)
(781.495 300 141.075)
(806.495 300 126.65)
(831.495 300 112.225)
(856.495 300 97.8)
(881.495 300 83.375)
(906.495 300 68.95)
(931.495 300 54.525)
(956.495 300 40.1)
(981.495 300 25.675)
(1006.495 300 11.25)
(6.495 325 588.25)
(31.495 325 573.825)
(56.495 325 559.4)
(81.495 325 544.975)
(106.495 325 530.55)
(131.495 325 516.125)
(156.495 325 501.7)
(181.495 325 487.275)
(206.495 325 472.85)
(231.495 325 458.425)
(256.495 325 444)
(281.495 325 429.575)
(306.495 325 415.15)
(331.495 325 400.725)
(356.495 325 386.3)
(381.495 325 371.875)
(406.495 325 357.45)
(431.495 325 343.025)
(456.495 325 328.6)
(481.495 325 314.175)
(506.495 325 299.75)
(531.495 325 285.325)
(556.495 325 270.9)
(581.495 325 256.475)
(606.495 325 242.05)
(631.495 325 227.625)
(656.495 325 213.2)
(681.495 325 198.775)
(706.495 325 184.35)
(731.495 325 169.925)
(756.495 325 155.5)
(781.495 325 141.075)
(806.495 325 126.65)
(831.495 325 112.225)
(856.495 325 97.8)
(881.495 325 83.375)
(906.495 325 68.95)
(931.495 325 54.525)
(956.495 325 40.1)
(981.495 325 25.675)
(1006.495 325 11.25)
(6.495 350 588.25)
(31.495 350 573.825)
(56.495 350 559.4)
(81.495 350 544.975)
(106.495 350 530.55)
(131.495 350 516.125)
(156.495 350 501.7)
(181.495 350 487.275)
(206.495 350 472.85)
(231.495 350 458.425)
(256.495 350 444)
(281.495 350 429.575)
(306.495 350 415.15)
(331.495 350 400.725)
(356.495 350 386.3)
(381.495 350 371.875)
(406.495 350 357.45)
(431.495 350 343.025)
(456.495 350 328.6)
(481.495 350 314.175)
(506.495 350 299.75)
(531.495 350 285.325)
(556.495 350 270.9)
(581.495 350 256.475)
(606.495 350 242.05)
(631.495 350 227.625)
(656.495 350 213.2)
(681.495 350 198.775)
(706.495 350 184.35)
(731.495 350 169.925)
(756.495 350 155.5)
(781.495 350 141.075)
(806.495 350 126.65)
(831.495 350 112.225)
(856.495 350 97.8)
(881.495 350 83.375)
(906.495 350 68.95)
(931.495 350 54.525)
(956.495 350 40.1)
(981.495 350 25.675)
(1006.495 350 11.25)
(6.495 375 588.25)
(31.495 375 573.825)
(56.495 375 559.4)
(81.495 375 544.975)
(106.495 375 530.55)
(131.495 375 516.125)
(156.495 375 501.7)
(181.495 375 487.275)
(206.495 375 472.85)
(231.495 375 458.425)
(256.495 375 444)
(281.495 375 429.575)
(306.495 375 415.15)
(331.495 375 400.725)
(356.495 375 386.3)
(381.495 375 371.875)
(406.495 375 357.45)
(431.495 375 343.025)
(456.495 375 328.6)
(481.495 375 314.175)
(506.495 375 299.75)
(531.495 375 285.325)
(556.495 375 270.9)
(581.495 375 256.475)
(606.495 375 242.05)
(631.495 375 227.625)
(656.495 375 213.2)
(681.495 375 198.775)
(706.495 375 184.35)
(731.495 375 169.925)
(756.495 375 155.5)
(781.495 375 141.075)
(806.495 375 126.65)
(831.495 375 112.225)
(856.495 375 97.8)
(881.495 375 83.375)
(906.495 375 68.95)
(931.495 375 54.525)
(956.495 375 40.1)
(981.495 375 25.675)
(1006.495 375 11.25)
(6.495 400 588.25)
(31.495 400 573.825)
(56.495 400 559.4)
(81.495 400 544.975)
(106.495 400 530.55)
(131.495 400 516.125)
(156.495 400 501.7)
(181.495 400 487.275)
(206.495 400 472.85)
(231.495 400 458.425)
(256.495 400 444)
(281.495 400 429.575)
(306.495 400 415.15)
(331.495 400 400.725)
(356.495 400 386.3)
(381.495 400 371.875)
(406.495 400 357.45)
(431.495 400 343.025)
(456.495 400 328.6)
(481.495 400 314.175)
(506.495 400 299.75)
(531.495 400 285.325)
(556.495 400 270.9)
(581.495 400 256.475)
(606.495 400 242.05)
(631.495 400 227.625)
(656.495 400 213.2)
(681.495 400 198.775)
(706.495 400 184.35)
(731.495 400 169.925)
(756.495 400 155.5)
(781.495 400 141.075)
(806.495 400 126.65)
(831.495 400 112.225)
(856.495 400 97.8)
(881.495 400 83.375)
(906.495 400 68.95)
(931.495 400 54.525)
(956.495 400 40.1)
(981.495 400 25.675)
(1006.495 400 11.25)
(6.495 425 588.25)
(31.495 425 573.825)
(56.495 425 559.4)
(81.495 425 544.975)
(106.495 425 530.55)
(131.495 425 516.125)
(156.495 425 501.7)
(181.495 425 487.275)
(206.495 425 472.85)
(231.495 425 458.425)
(256.495 425 444)
(281.495 425 429.575)
(306.495 425 415.15)
(331.495 425 400.725)
(356.495 425 386.3)
(381.495 425 371.875)
(406.495 425 357.45)
(431.495 425 343.025)
(456.495 425 328.6)
(481.495 425 314.175)
(506.495 425 299.75)
(531.495 425 285.325)
(556.495 425 270.9)
(581.495 425 256.475)
(606.495 425 242.05)
(631.495 425 227.625)
(656.495 425 213.2)
(681.495 425 198.775)
(706.495 425 184.35)
(731.495 425 169.925)
(756.495 425 155.5)
(781.495 425 141.075)
(806.495 425 126.65)
(831.495 425 112.225)
(856.495 425 97.8)
(881.495 425 83.375)
(906.495 425 68.95)
(931.495 425 54.525)
(956.495 425 40.1)
(981.495 425 25.675)
(1006.495 425 11.25)
(6.495 450 588.25)
(31.495 450 573.825)
(56.495 450 559.4)
(81.495 450 544.975)
(106.495 450 530.55)
(131.495 450 516.125)
(156.495 450 501.7)
(181.495 450 487.275)
(206.495 450 472.85)
(231.495 450 458.425)
(256.495 450 444)
(281.495 450 429.575)
(306.495 450 415.15)
(331.495 450 400.725)
(356.495 450 386.3)
(381.495 450 371.875)
(406.495 450 357.45)
(431.495 450 343.025)
(456.495 450 328.6)
(481.495 450 314.175)
(506.495 450 299.75)
(531.495 450 285.325)
(556.495 450 270.9)
(581.495 450 256.475)
(606.495 450 242.05)
(631.495 450 227.625)
(656.495 450 213.2)
(681.495 450 198.775)
(706.495 450 184.35)
(731.495 450 169.925)
(756.495 450 155.5)
(781.495 450 141.075)
(806.495 450 126.65)
(831.495 450 112.225)
(856.495 450 97.8)
(881.495 450 83.375)
(906.495 450 68.95)
(931.495 450 54.525)
(956.495 450 40.1)
(981.495 450 25.675)
(1006.495 450 11.25)
(6.495 475 588.25)
(31.495 475 573.825)
(56.495 475 559.4)
(81.495 475 544.975)
(106.495 475 530.55)
(131.495 475 516.125)
(156.495 475 501.7)
(181.495 475 487.275)
(206.495 475 472.85)
(231.495 475 458.425)
(256.495 475 444)
(281.495 475 429.575)
(306.495 475 415.15)
(331.495 475 400.725)
(356.495 475 386.3)
(381.495 475 371.875)
(406.495 475 357.45)
(431.495 475 343.025)
(456.495 475 328.6)
(481.495 475 314.175)
(506.495 475 299.75)
(531.495 475 285.325)
(556.495 475 270.9)
(581.495 475 256.475)
(606.495 475 242.05)
(631.495 475 227.625)
(656.495 475 213.2)
(681.495 475 198.775)
(706.495 475 184.35)
(731.495 475 169.925)
(756.495 475 155.5)
(781.495 475 141.075)
(806.495 475 126.65)
(831.495 475 112.225)
(856.495 475 97.8)
(881.495 475 83.375)
(906.495 475 68.95)
(931.495 475 54.525)
(956.495 475 40.1)
(981.495 475 25.675)
(1006.495 475 11.25)
(6.495 500 588.25)
(31.495 500 573.825)
(56.495 500 559.4)
(81.495 500 544.975)
(106.495 500 530.55)
(131.495 500 516.125)
(156.495 500 501.7)
(181.495 500 487.275)
(206.495 500 472.85)
(231.495 500 458.425)
(256.495 500 444)
(281.495 500 429.575)
(306.495 500 415.15)
(331.495 500 400.725)
(356.495 500 386.3)
(381.495 500 371.875)
(406.495 500 357.45)
(431.495 500 343.025)
(456.495 500 328.6)
(481.495 500 314.175)
(506.495 500 299.75)
(531.495 500 285.325)
(556.495 500 270.9)
(581.495 500 256.475)
(606.495 500 242.05)
(631.495 500 227.625)
(656.495 500 213.2)
(681.495 500 198.775)
(706.495 500 184.35)
(731.495 500 169.925)
(756.495 500 155.5)
(781.495 500 141.075)
(806.495 500 126.65)
(831.495 500 112.225)
(856.495 500 97.8)
(881.495 500 83.375)
(906.495 500 68.95)
(931.495 500 54.525)
(956.495 500 40.1)
(981.495 500 25.675)
(1006.495 500 11.25)
(8.66 0 592)
(33.66 0 577.575)
(58.66 0 563.15)
(83.66 0 548.725)
(108.66 0 534.3)
(133.66 0 519.875)
(158.66 0 505.45)
(183.66 0 491.025)
(208.66 0 476.6)
(233.66 0 462.175)
(258.66 0 447.75)
(283.66 0 433.325)
(308.66 0 418.9)
(333.66 0 404.475)
(358.66 0 390.05)
(383.66 0 375.625)
(408.66 0 361.2)
(433.66 0 346.775)
(458.66 0 332.35)
(483.66 0 317.925)
(508.66 0 303.5)
(533.66 0 289.075)
(558.66 0 274.65)
(583.66 0 260.225)
(608.66 0 245.8)
(633.66 0 231.375)
(658.66 0 216.95)
(683.66 0 202.525)
(708.66 0 188.1)
(733.66 0 173.675)
(758.66 0 159.25)
(783.66 0 144.825)
(808.66 0 130.4)
(833.66 0 115.975)
(858.66 0 101.55)
(883.66 0 87.125)
(908.66 0 72.7)
(933.66 0 58.275)
(958.66 0 43.85)
(983.66 0 29.425)
(1008.66 0 15)
(8.66 25 592)
(33.66 25 577.575)
(58.66 25 563.15)
(83.66 25 548.725)
(108.66 25 534.3)
(133.66 25 519.875)
(158.66 25 505.45)
(183.66 25 491.025)
(208.66 25 476.6)
(233.66 25 462.175)
(258.66 25 447.75)
(283.66 25 433.325)
(308.66 25 418.9)
(333.66 25 404.475)
(358.66 25 390.05)
(383.66 25 375.625)
(408.66 25 361.2)
(433.66 25 346.775)
(458.66 25 332.35)
(483.66 25 317.925)
(508.66 25 303.5)
(533.66 25 289.075)
(558.66 25 274.65)
(583.66 25 260.225)
(608.66 25 245.8)
(633.66 25 231.375)
(658.66 25 216.95)
(683.66 25 202.525)
(708.66 25 188.1)
(733.66 25 173.675)
(758.66 25 159.25)
(783.66 25 144.825)
(808.66 25 130.4)
(833.66 25 115.975)
(858.66 25 101.55)
(883.66 25 87.125)
(908.66 25 72.7)
(933.66 25 58.275)
(958.66 25 43.85)
(983.66 25 29.425)
(1008.66 25 15)
(8.66 50 592)
(33.66 50 577.575)
(58.66 50 563.15)
(83.66 50 548.725)
(108.66 50 534.3)
(133.66 50 519.875)
(158.66 50 505.45)
(183.66 50 491.025)
(208.66 50 476.6)
(233.66 50 462.175)
(258.66 50 447.75)
(283.66 50 433.325)
(308.66 50 418.9)
(333.66 50 404.475)
(358.66 50 390.05)
(383.66 50 375.625)
(408.66 50 361.2)
(433.66 50 346.775)
(458.66 50 332.35)
(483.66 50 317.925)
(508.66 50 303.5)
(533.66 50 289.075)
(558.66 50 274.65)
(583.66 50 260.225)
(608.66 50 245.8)
(633.66 50 231.375)
(658.66 50 216.95)
(683.66 50 202.525)
(708.66 50 188.1)
(733.66 50 173.675)
(758.66 50 159.25)
(783.66 50 144.825)
(808.66 50 130.4)
(833.66 50 115.975)
(858.66 50 101.55)
(883.66 50 87.125)
(908.66 50 72.7)
(933.66 50 58.275)
(958.66 50 43.85)
(983.66 50 29.425)
(1008.66 50 15)
(8.66 75 592)
(33.66 75 577.575)
(58.66 75 563.15)
(83.66 75 548.725)
(108.66 75 534.3)
(133.66 75 519.875)
(158.66 75 505.45)
(183.66 75 491.025)
(208.66 75 476.6)
(233.66 75 462.175)
(258.66 75 447.75)
(283.66 75 433.325)
(308.66 75 418.9)
(333.66 75 404.475)
(358.66 75 390.05)
(383.66 75 375.625)
(408.66 75 361.2)
(433.66 75 346.775)
(458.66 75 332.35)
(483.66 75 317.925)
(508.66 75 303.5)
(533.66 75 289.075)
(558.66 75 274.65)
(583.66 75 260.225)
(608.66 75 245.8)
(633.66 75 231.375)
(658.66 75 216.95)
(683.66 75 202.525)
(708.66 75 188.1)
(733.66 75 173.675)
(758.66 75 159.25)
(783.66 75 144.825)
(808.66 75 130.4)
(833.66 75 115.975)
(858.66 75 101.55)
(883.66 75 87.125)
(908.66 75 72.7)
(933.66 75 58.275)
(958.66 75 43.85)
(983.66 75 29.425)
(1008.66 75 15)
(8.66 100 592)
(33.66 100 577.575)
(58.66 100 563.15)
(83.66 100 548.725)
(108.66 100 534.3)
(133.66 100 519.875)
(158.66 100 505.45)
(183.66 100 491.025)
(208.66 100 476.6)
(233.66 100 462.175)
(258.66 100 447.75)
(283.66 100 433.325)
(308.66 100 418.9)
(333.66 100 404.475)
(358.66 100 390.05)
(383.66 100 375.625)
(408.66 100 361.2)
(433.66 100 346.775)
(458.66 100 332.35)
(483.66 100 317.925)
(508.66 100 303.5)
(533.66 100 289.075)
(558.66 100 274.65)
(583.66 100 260.225)
(608.66 100 245.8)
(633.66 100 231.375)
(658.66 100 216.95)
(683.66 100 202.525)
(708.66 100 188.1)
(733.66 100 173.675)
(758.66 100 159.25)
(783.66 100 144.825)
(808.66 100 130.4)
(833.66 100 115.975)
(858.66 100 101.55)
(883.66 100 87.125)
(908.66 100 72.7)
(933.66 100 58.275)
(958.66 100 43.85)
(983.66 100 29.425)
(1008.66 100 15)
(8.66 125 592)
(33.66 125 577.575)
(58.66 125 563.15)
(83.66 125 548.725)
(108.66 125 534.3)
(133.66 125 519.875)
(158.66 125 505.45)
(183.66 125 491.025)
(208.66 125 476.6)
(233.66 125 462.175)
(258.66 125 447.75)
(283.66 125 433.325)
(308.66 125 418.9)
(333.66 125 404.475)
(358.66 125 390.05)
(383.66 125 375.625)
(408.66 125 361.2)
(433.66 125 346.775)
(458.66 125 332.35)
(483.66 125 317.925)
(508.66 125 303.5)
(533.66 125 289.075)
(558.66 125 274.65)
(583.66 125 260.225)
(608.66 125 245.8)
(633.66 125 231.375)
(658.66 125 216.95)
(683.66 125 202.525)
(708.66 125 188.1)
(733.66 125 173.675)
(758.66 125 159.25)
(783.66 125 144.825)
(808.66 125 130.4)
(833.66 125 115.975)
(858.66 125 101.55)
(883.66 125 87.125)
(908.66 125 72.7)
(933.66 125 58.275)
(958.66 125 43.85)
(983.66 125 29.425)
(1008.66 125 15)
(8.66 150 592)
(33.66 150 577.575)
(58.66 150 563.15)
(83.66 150 548.725)
(108.66 150 534.3)
(133.66 150 519.875)
(158.66 150 505.45)
(183.66 150 491.025)
(208.66 150 476.6)
(233.66 150 462.175)
(258.66 150 447.75)
(283.66 150 433.325)
(308.66 150 418.9)
(333.66 150 404.475)
(358.66 150 390.05)
(383.66 150 375.625)
(408.66 150 361.2)
(433.66 150 346.775)
(458.66 150 332.35)
(483.66 150 317.925)
(508.66 150 303.5)
(533.66 150 289.075)
(558.66 150 274.65)
(583.66 150 260.225)
(608.66 150 245.8)
(633.66 150 231.375)
(658.66 150 216.95)
(683.66 150 202.525)
(708.66 150 188.1)
(733.66 150 173.675)
(758.66 150 159.25)
(783.66 150 144.825)
(808.66 150 130.4)
(833.66 150 115.975)
(858.66 150 101.55)
(883.66 150 87.125)
(908.66 150 72.7)
(933.66 150 58.275)
(958.66 150 43.85)
(983.66 150 29.425)
(1008.66 150 15)
(8.66 175 592)
(33.66 175 577.575)
(58.66 175 563.15)
(83.66 175 548.725)
(108.66 175 534.3)
(133.66 175 519.875)
(158.66 175 505.45)
(183.66 175 491.025)
(208.66 175 476.6)
(233.66 175 462.175)
(258.66 175 447.75)
(283.66 175 433.325)
(308.66 175 418.9)
(333.66 175 404.475)
(358.66 175 390.05)
(383.66 175 375.625)
(408.66 175 361.2)
(433.66 175 346.775)
(458.66 175 332.35)
(483.66 175 317.925)
(508.66 175 303.5)
(533.66 175 289.075)
(558.66 175 274.65)
(583.66 175 260.225)
(608.66 175 245.8)
(633.66 175 231.375)
(658.66 175 216.95)
(683.66 175 202.525)
(708.66 175 188.1)
(733.66 175 173.675)
(758.66 175 159.25)
(783.66 175 144.825)
(808.66 175 130.4)
(833.66 175 115.975)
(858.66 175 101.55)
(883.66 175 87.125)
(908.66 175 72.7)
(933.66 175 58.275)
(958.66 175 43.85)
(983.66 175 29.425)
(1008.66 175 15)
(8.66 200 592)
(33.66 200 577.575)
(58.66 200 563.15)
(83.66 200 548.725)
(108.66 200 534.3)
(133.66 200 519.875)
(158.66 200 505.45)
(183.66 200 491.025)
(208.66 200 476.6)
(233.66 200 462.175)
(258.66 200 447.75)
(283.66 200 433.325)
(308.66 200 418.9)
(333.66 200 404.475)
(358.66 200 390.05)
(383.66 200 375.625)
(408.66 200 361.2)
(433.66 200 346.775)
(458.66 200 332.35)
(483.66 200 317.925)
(508.66 200 303.5)
(533.66 200 289.075)
(558.66 200 274.65)
(583.66 200 260.225)
(608.66 200 245.8)
(633.66 200 231.375)
(658.66 200 216.95)
(683.66 200 202.525)
(708.66 200 188.1)
(733.66 200 173.675)
(758.66 200 159.25)
(783.66 200 144.825)
(808.66 200 130.4)
(833.66 200 115.975)
(858.66 200 101.55)
(883.66 200 87.125)
(908.66 200 72.7)
(933.66 200 58.275)
(958.66 200 43.85)
(983.66 200 29.425)
(1008.66 200 15)
(8.66 225 592)
(33.66 225 577.575)
(58.66 225 563.15)
(83.66 225 548.725)
(108.66 225 534.3)
(133.66 225 519.875)
(158.66 225 505.45)
(183.66 225 491.025)
(208.66 225 476.6)
(233.66 225 462.175)
(258.66 225 447.75)
(283.66 225 433.325)
(308.66 225 418.9)
(333.66 225 404.475)
(358.66 225 390.05)
(383.66 225 375.625)
(408.66 225 361.2)
(433.66 225 346.775)
(458.66 225 332.35)
(483.66 225 317.925)
(508.66 225 303.5)
(533.66 225 289.075)
(558.66 225 274.65)
(583.66 225 260.225)
(608.66 225 245.8)
(633.66 225 231.375)
(658.66 225 216.95)
(683.66 225 202.525)
(708.66 225 188.1)
(733.66 225 173.675)
(758.66 225 159.25)
(783.66 225 144.825)
(808.66 225 130.4)
(833.66 225 115.975)
(858.66 225 101.55)
(883.66 225 87.125)
(908.66 225 72.7)
(933.66 225 58.275)
(958.66 225 43.85)
(983.66 225 29.425)
(1008.66 225 15)
(8.66 250 592)
(33.66 250 577.575)
(58.66 250 563.15)
(83.66 250 548.725)
(108.66 250 534.3)
(133.66 250 519.875)
(158.66 250 505.45)
(183.66 250 491.025)
(208.66 250 476.6)
(233.66 250 462.175)
(258.66 250 447.75)
(283.66 250 433.325)
(308.66 250 418.9)
(333.66 250 404.475)
(358.66 250 390.05)
(383.66 250 375.625)
(408.66 250 361.2)
(433.66 250 346.775)
(458.66 250 332.35)
(483.66 250 317.925)
(508.66 250 303.5)
(533.66 250 289.075)
(558.66 250 274.65)
(583.66 250 260.225)
(608.66 250 245.8)
(633.66 250 231.375)
(658.66 250 216.95)
(683.66 250 202.525)
(708.66 250 188.1)
(733.66 250 173.675)
(758.66 250 159.25)
(783.66 250 144.825)
(808.66 250 130.4)
(833.66 250 115.975)
(858.66 250 101.55)
(883.66 250 87.125)
(908.66 250 72.7)
(933.66 250 58.275)
(958.66 250 43.85)
(983.66 250 29.425)
(1008.66 250 15)
(8.66 275 592)
(33.66 275 577.575)
(58.66 275 563.15)
(83.66 275 548.725)
(108.66 275 534.3)
(133.66 275 519.875)
(158.66 275 505.45)
(183.66 275 491.025)
(208.66 275 476.6)
(233.66 275 462.175)
(258.66 275 447.75)
(283.66 275 433.325)
(308.66 275 418.9)
(333.66 275 404.475)
(358.66 275 390.05)
(383.66 275 375.625)
(408.66 275 361.2)
(433.66 275 346.775)
(458.66 275 332.35)
(483.66 275 317.925)
(508.66 275 303.5)
(533.66 275 289.075)
(558.66 275 274.65)
(583.66 275 260.225)
(608.66 275 245.8)
(633.66 275 231.375)
(658.66 275 216.95)
(683.66 275 202.525)
(708.66 275 188.1)
(733.66 275 173.675)
(758.66 275 159.25)
(783.66 275 144.825)
(808.66 275 130.4)
(833.66 275 115.975)
(858.66 275 101.55)
(883.66 275 87.125)
(908.66 275 72.7)
(933.66 275 58.275)
(958.66 275 43.85)
(983.66 275 29.425)
(1008.66 275 15)
(8.66 300 592)
(33.66 300 577.575)
(58.66 300 563.15)
(83.66 300 548.725)
(108.66 300 534.3)
(133.66 300 519.875)
(158.66 300 505.45)
(183.66 300 491.025)
(208.66 300 476.6)
(233.66 300 462.175)
(258.66 300 447.75)
(283.66 300 433.325)
(308.66 300 418.9)
(333.66 300 404.475)
(358.66 300 390.05)
(383.66 300 375.625)
(408.66 300 361.2)
(433.66 300 346.775)
(458.66 300 332.35)
(483.66 300 317.925)
(508.66 300 303.5)
(533.66 300 289.075)
(558.66 300 274.65)
(583.66 300 260.225)
(608.66 300 245.8)
(633.66 300 231.375)
(658.66 300 216.95)
(683.66 300 202.525)
(708.66 300 188.1)
(733.66 300 173.675)
(758.66 300 159.25)
(783.66 300 144.825)
(808.66 300 130.4)
(833.66 300 115.975)
(858.66 300 101.55)
(883.66 300 87.125)
(908.66 300 72.7)
(933.66 300 58.275)
(958.66 300 43.85)
(983.66 300 29.425)
(1008.66 300 15)
(8.66 325 592)
(33.66 325 577.575)
(58.66 325 563.15)
(83.66 325 548.725)
(108.66 325 534.3)
(133.66 325 519.875)
(158.66 325 505.45)
(183.66 325 491.025)
(208.66 325 476.6)
(233.66 325 462.175)
(258.66 325 447.75)
(283.66 325 433.325)
(308.66 325 418.9)
(333.66 325 404.475)
(358.66 325 390.05)
(383.66 325 375.625)
(408.66 325 361.2)
(433.66 325 346.775)
(458.66 325 332.35)
(483.66 325 317.925)
(508.66 325 303.5)
(533.66 325 289.075)
(558.66 325 274.65)
(583.66 325 260.225)
(608.66 325 245.8)
(633.66 325 231.375)
(658.66 325 216.95)
(683.66 325 202.525)
(708.66 325 188.1)
(733.66 325 173.675)
(758.66 325 159.25)
(783.66 325 144.825)
(808.66 325 130.4)
(833.66 325 115.975)
(858.66 325 101.55)
(883.66 325 87.125)
(908.66 325 72.7)
(933.66 325 58.275)
(958.66 325 43.85)
(983.66 325 29.425)
(1008.66 325 15)
(8.66 350 592)
(33.66 350 577.575)
(58.66 350 563.15)
(83.66 350 548.725)
(108.66 350 534.3)
(133.66 350 519.875)
(158.66 350 505.45)
(183.66 350 491.025)
(208.66 350 476.6)
(233.66 350 462.175)
(258.66 350 447.75)
(283.66 350 433.325)
(308.66 350 418.9)
(333.66 350 404.475)
(358.66 350 390.05)
(383.66 350 375.625)
(408.66 350 361.2)
(433.66 350 346.775)
(458.66 350 332.35)
(483.66 350 317.925)
(508.66 350 303.5)
(533.66 350 289.075)
(558.66 350 274.65)
(583.66 350 260.225)
(608.66 350 245.8)
(633.66 350 231.375)
(658.66 350 216.95)
(683.66 350 202.525)
(708.66 350 188.1)
(733.66 350 173.675)
(758.66 350 159.25)
(783.66 350 144.825)
(808.66 350 130.4)
(833.66 350 115.975)
(858.66 350 101.55)
(883.66 350 87.125)
(908.66 350 72.7)
(933.66 350 58.275)
(958.66 350 43.85)
(983.66 350 29.425)
(1008.66 350 15)
(8.66 375 592)
(33.66 375 577.575)
(58.66 375 563.15)
(83.66 375 548.725)
(108.66 375 534.3)
(133.66 375 519.875)
(158.66 375 505.45)
(183.66 375 491.025)
(208.66 375 476.6)
(233.66 375 462.175)
(258.66 375 447.75)
(283.66 375 433.325)
(308.66 375 418.9)
(333.66 375 404.475)
(358.66 375 390.05)
(383.66 375 375.625)
(408.66 375 361.2)
(433.66 375 346.775)
(458.66 375 332.35)
(483.66 375 317.925)
(508.66 375 303.5)
(533.66 375 289.075)
(558.66 375 274.65)
(583.66 375 260.225)
(608.66 375 245.8)
(633.66 375 231.375)
(658.66 375 216.95)
(683.66 375 202.525)
(708.66 375 188.1)
(733.66 375 173.675)
(758.66 375 159.25)
(783.66 375 144.825)
(808.66 375 130.4)
(833.66 375 115.975)
(858.66 375 101.55)
(883.66 375 87.125)
(908.66 375 72.7)
(933.66 375 58.275)
(958.66 375 43.85)
(983.66 375 29.425)
(1008.66 375 15)
(8.66 400 592)
(33.66 400 577.575)
(58.66 400 563.15)
(83.66 400 548.725)
(108.66 400 534.3)
(133.66 400 519.875)
(158.66 400 505.45)
(183.66 400 491.025)
(208.66 400 476.6)
(233.66 400 462.175)
(258.66 400 447.75)
(283.66 400 433.325)
(308.66 400 418.9)
(333.66 400 404.475)
(358.66 400 390.05)
(383.66 400 375.625)
(408.66 400 361.2)
(433.66 400 346.775)
(458.66 400 332.35)
(483.66 400 317.925)
(508.66 400 303.5)
(533.66 400 289.075)
(558.66 400 274.65)
(583.66 400 260.225)
(608.66 400 245.8)
(633.66 400 231.375)
(658.66 400 216.95)
(683.66 400 202.525)
(708.66 400 188.1)
(733.66 400 173.675)
(758.66 400 159.25)
(783.66 400 144.825)
(808.66 400 130.4)
(833.66 400 115.975)
(858.66 400 101.55)
(883.66 400 87.125)
(908.66 400 72.7)
(933.66 400 58.275)
(958.66 400 43.85)
(983.66 400 29.425)
(1008.66 400 15)
(8.66 425 592)
(33.66 425 577.575)
(58.66 425 563.15)
(83.66 425 548.725)
(108.66 425 534.3)
(133.66 425 519.875)
(158.66 425 505.45)
(183.66 425 491.025)
(208.66 425 476.6)
(233.66 425 462.175)
(258.66 425 447.75)
(283.66 425 433.325)
(308.66 425 418.9)
(333.66 425 404.475)
(358.66 425 390.05)
(383.66 425 375.625)
(408.66 425 361.2)
(433.66 425 346.775)
(458.66 425 332.35)
(483.66 425 317.925)
(508.66 425 303.5)
(533.66 425 289.075)
(558.66 425 274.65)
(583.66 425 260.225)
(608.66 425 245.8)
(633.66 425 231.375)
(658.66 425 216.95)
(683.66 425 202.525)
(708.66 425 188.1)
(733.66 425 173.675)
(758.66 425 159.25)
(783.66 425 144.825)
(808.66 425 130.4)
(833.66 425 115.975)
(858.66 425 101.55)
(883.66 425 87.125)
(908.66 425 72.7)
(933.66 425 58.275)
(958.66 425 43.85)
(983.66 425 29.425)
(1008.66 425 15)
(8.66 450 592)
(33.66 450 577.575)
(58.66 450 563.15)
(83.66 450 548.725)
(108.66 450 534.3)
(133.66 450 519.875)
(158.66 450 505.45)
(183.66 450 491.025)
(208.66 450 476.6)
(233.66 450 462.175)
(258.66 450 447.75)
(283.66 450 433.325)
(308.66 450 418.9)
(333.66 450 404.475)
(358.66 450 390.05)
(383.66 450 375.625)
(408.66 450 361.2)
(433.66 450 346.775)
(458.66 450 332.35)
(483.66 450 317.925)
(508.66 450 303.5)
(533.66 450 289.075)
(558.66 450 274.65)
(583.66 450 260.225)
(608.66 450 245.8)
(633.66 450 231.375)
(658.66 450 216.95)
(683.66 450 202.525)
(708.66 450 188.1)
(733.66 450 173.675)
(758.66 450 159.25)
(783.66 450 144.825)
(808.66 450 130.4)
(833.66 450 115.975)
(858.66 450 101.55)
(883.66 450 87.125)
(908.66 450 72.7)
(933.66 450 58.275)
(958.66 450 43.85)
(983.66 450 29.425)
(1008.66 450 15)
(8.66 475 592)
(33.66 475 577.575)
(58.66 475 563.15)
(83.66 475 548.725)
(108.66 475 534.3)
(133.66 475 519.875)
(158.66 475 505.45)
(183.66 475 491.025)
(208.66 475 476.6)
(233.66 475 462.175)
(258.66 475 447.75)
(283.66 475 433.325)
(308.66 475 418.9)
(333.66 475 404.475)
(358.66 475 390.05)
(383.66 475 375.625)
(408.66 475 361.2)
(433.66 475 346.775)
(458.66 475 332.35)
(483.66 475 317.925)
(508.66 475 303.5)
(533.66 475 289.075)
(558.66 475 274.65)
(583.66 475 260.225)
(608.66 475 245.8)
(633.66 475 231.375)
(658.66 475 216.95)
(683.66 475 202.525)
(708.66 475 188.1)
(733.66 475 173.675)
(758.66 475 159.25)
(783.66 475 144.825)
(808.66 475 130.4)
(833.66 475 115.975)
(858.66 475 101.55)
(883.66 475 87.125)
(908.66 475 72.7)
(933.66 475 58.275)
(958.66 475 43.85)
(983.66 475 29.425)
(1008.66 475 15)
(8.66 500 592)
(33.66 500 577.575)
(58.66 500 563.15)
(83.66 500 548.725)
(108.66 500 534.3)
(133.66 500 519.875)
(158.66 500 505.45)
(183.66 500 491.025)
(208.66 500 476.6)
(233.66 500 462.175)
(258.66 500 447.75)
(283.66 500 433.325)
(308.66 500 418.9)
(333.66 500 404.475)
(358.66 500 390.05)
(383.66 500 375.625)
(408.66 500 361.2)
(433.66 500 346.775)
(458.66 500 332.35)
(483.66 500 317.925)
(508.66 500 303.5)
(533.66 500 289.075)
(558.66 500 274.65)
(583.66 500 260.225)
(608.66 500 245.8)
(633.66 500 231.375)
(658.66 500 216.95)
(683.66 500 202.525)
(708.66 500 188.1)
(733.66 500 173.675)
(758.66 500 159.25)
(783.66 500 144.825)
(808.66 500 130.4)
(833.66 500 115.975)
(858.66 500 101.55)
(883.66 500 87.125)
(908.66 500 72.7)
(933.66 500 58.275)
(958.66 500 43.85)
(983.66 500 29.425)
(1008.66 500 15)
)


// ************************************************************************* //
